v -11.08618 -3.033875 -31.76646
v -10.68364 -3.033875 -29.7291
v -14.75831 -3.054539 -28.92403
v -14.35576 -3.054539 -26.88666
v -2.534291 -2.992548 -31.33926
v -2.936835 -2.992548 -33.37662
v -14.78292 -3.064871 -18.33468
v -13.17275 -3.064871 -10.18523
v -9.098077 -3.044207 -10.99031
v -9.500621 -3.044207 -13.02767
v -9.903165 -3.044207 -15.06503
v -6.63358 -3.023543 -19.94484
v -5.425948 -3.023543 -13.83275
v -5.828492 -3.023543 -15.87011
v -0.119027 -2.992548 -19.11509
v 0.283517 -2.992548 -17.07773
v 8.457478 -2.940888 -29.27723
v 6.420142 -2.95122 -28.87469
v 8.860022 -2.940888 -27.23987
v 4.78535 -2.961553 -26.43479
v 6.017598 -2.95122 -30.91205
v 13.33724 -2.920226 -26.00759
v 11.2999 -2.930556 -25.60505
v 13.73978 -2.920226 -23.97022
v 10.89736 -2.930556 -27.64241
v 5.590437 -2.961553 -22.36007
v 1.540382 -2.971884 -32.14434
v 1.942926 -2.971884 -30.10698
v -0.094411 -2.982216 -29.70444
v -16.3931 -3.064871 -26.48413
v 5.992981 -2.961553 -20.32271
v -16.41337 1.088574 -26.48012
v -14.37604 1.098906 -26.88266
v -11.11659 3.196292 -31.76046
v -10.71404 3.196292 -29.7231
v -14.38617 3.175628 -26.88066
v -14.78872 3.175628 -28.91802
v -8.274163 3.206624 -28.08827
v -2.967242 3.23762 -33.37061
v -2.564699 3.23762 -31.33325
v -16.42351 3.165297 -26.47812
v -8.264027 1.129902 -28.09028
v -13.20316 3.165297 -10.17923
v -14.81333 3.165297 -18.32867
v -9.128485 3.18596 -10.9843
v -9.933572 3.18596 -15.05903
v -9.531028 3.18596 -13.02166
v -5.456356 3.206624 -13.82674
v -5.8589 3.206624 -15.86411
v -0.149435 3.23762 -19.10908
v 0.253109 3.23762 -17.07172
v 8.42707 3.289279 -29.27122
v 8.829614 3.289279 -27.23386
v 6.389733 3.278947 -28.86868
v 5.987189 3.278947 -30.90605
v 13.30683 3.309943 -26.00158
v 13.70937 3.309943 -23.96422
v 11.26949 3.299611 -25.59904
v 5.56003 3.268615 -22.35406
v 10.86695 3.299611 -27.6364
v 1.509974 3.258284 -32.13833
v 1.912518 3.258284 -30.10097
v -0.124818 3.247952 -29.69843
v 5.962574 3.268615 -20.3167
v -11.14466 -3.116913 32.08963
v -10.71536 -3.116913 30.05774
v -14.77909 -3.137577 29.19914
v -14.34979 -3.137577 27.16725
v -2.587891 -3.075585 31.77492
v -3.017193 -3.075585 33.80681
v -12.94724 -3.147908 10.48282
v -8.883504 -3.127244 11.34142
v -9.312806 -3.127244 13.37331
v -9.742107 -3.127244 15.4052
v -6.536979 -3.106581 20.32758
v -5.249073 -3.10658 14.2319
v -5.678375 -3.106581 16.26379
v -0.012078 -3.075584 19.58357
v 0.417224 -3.075584 17.55168
v 8.430044 -3.023926 29.85762
v 6.398179 -3.034257 29.42833
v 8.859347 -3.023926 27.82573
v 5.968876 -3.034258 31.46022
v 13.35238 -3.003262 26.65244
v 11.32051 -3.013594 26.22314
v 13.78168 -3.003262 24.62054
v 10.89121 -3.013594 28.25503
v 5.654218 -3.044589 22.90336
v 1.475841 -3.054922 32.63352
v 1.905143 -3.054922 30.60163
v -0.126723 -3.065254 30.17233
v -16.38165 -3.147909 26.73795
v 6.08352 -3.044589 20.87147
v -16.40187 1.005537 26.73368
v -14.37 1.015869 27.16298
v -11.17498 3.113255 32.08322
v -10.74568 3.113255 30.05133
v -14.38011 3.092591 27.16084
v -14.80941 3.092591 29.19273
v -8.284514 3.123587 28.44873
v -3.04752 3.154582 33.80041
v -2.618217 3.154582 31.76852
v -16.41198 3.082259 26.73155
v -8.274406 1.046864 28.45087
v -12.97756 3.08226 10.47641
v -14.69477 3.08226 18.60398
v -8.91383 3.102924 11.33501
v -9.772434 3.102924 15.39879
v -9.343132 3.102924 13.3669
v -5.279399 3.123587 14.22549
v -5.708701 3.123587 16.25739
v -0.042405 3.154583 19.57717
v 0.386898 3.154583 17.54527
v 8.399718 3.206242 29.85122
v 8.829021 3.206242 27.81932
v 6.367851 3.19591 29.42192
v 5.93855 3.19591 31.45381
v 13.32205 3.226906 26.64603
v 13.75136 3.226906 24.61414
v 11.29019 3.216574 26.21673
v 5.623892 3.185578 22.89695
v 10.86089 3.216574 28.24862
v 1.445515 3.175246 32.62711
v 1.874817 3.175246 30.59522
v -0.157049 3.164914 30.16592
v 6.053194 3.185578 20.86506
vn -0.193834 0 -0.981034
vn -0.9810221 -0.004975 0.193832
vn -0.193833 0 -0.981034
vn -0.9810221 -0.004975 0.193832
vn -0.193834 -0 -0.981034
vn 0.004880998 -0.9999877 -0.0009639997
vn 0.004880998 -0.9999876 -0.0009639997
vn -0.9810224 -0.004975002 0.1938311
vn 0.1938341 0 0.9810343
vn 0.004880998 -0.9999876 -0.0009639997
vn 0.004880998 -0.9999877 -0.0009639997
vn 0.004880998 -0.9999877 -0.0009639996
vn 0.1938341 0 0.9810343
vn 0.9810224 0.004975002 -0.1938311
vn 0.004880998 -0.9999876 -0.0009639997
vn 0.981022 0.004975 -0.193831
vn -0.193834 0 -0.981034
vn -0.1938331 0 -0.9810346
vn 0.004880998 -0.9999876 -0.0009639997
vn 0.004880998 -0.9999877 -0.0009639996
vn 0.9810224 0.004975002 -0.1938311
vn -0.193834 0 -0.981034
vn -0.1938331 0 -0.9810346
vn 0.004879998 -0.9999877 -0.0009649997
vn 0.004881 -0.999988 -0.000964
vn 0.004880998 -0.9999877 -0.0009639996
vn 0.004881 -0.999988 -0.000964
vn 0.004880998 -0.9999877 -0.0009639997
vn -0.193833 0 -0.981034
vn -0.981022 -0.004975 0.193831
vn 0.981022 0.004975 -0.193831
vn -0.1938341 1e-06 -0.9810343
vn -0.1938341 1e-06 -0.9810343
vn -0.1938341 0 -0.9810343
vn -0.981022 -0.004975 0.193832
vn -0.1938341 0 -0.9810343
vn -0.1938341 0 -0.9810343
vn -0.1938341 1e-06 -0.9810343
vn -0.004880998 0.9999877 0.0009639997
vn -0.004880998 0.9999876 0.0009639997
vn -0.193834 0 -0.981034
vn -0.193834 1e-06 -0.981034
vn -0.981022 -0.004975 0.193831
vn -0.004880998 0.9999876 0.0009639996
vn 0.193834 0 0.981034
vn 0.981022 0.004975 -0.193831
vn 0.1938341 0 0.9810343
vn 0.193834 -0 0.981034
vn 0.981022 0.004975 -0.193831
vn 0.981022 0.004975 -0.193831
vn 0.1938331 0 0.9810346
vn 0.981022 0.004975 -0.193831
vn -0.004880998 0.9999877 0.0009639997
vn -0.193833 -0 -0.981034
vn 0.981022 0.004975 -0.193832
vn 0.981022 0.004975 -0.193831
vn -0.004880998 0.9999877 0.0009639997
vn -0.193833 -0 -0.981035
vn 0.193834 0 0.981034
vn 0.981022 0.004975 -0.193832
vn -0.193833 -0 -0.981034
vn -0.004880998 0.9999877 0.0009639996
vn -0.1938341 0 -0.9810343
vn 0.1938341 0 0.9810343
vn -0.206718 -0 0.978401
vn 0.004867998 -0.9999876 0.001028
vn 0.004868 -0.999988 0.001028
vn 0.004867998 -0.9999877 0.001028
vn 0.004866998 -0.9999877 0.001029
vn 0.9783884 0.004975002 0.2067161
vn 0.004867998 -0.9999876 0.001028
vn 0.004868 -0.999988 0.001028
vn 0.004867998 -0.9999877 0.001028
vn 0.9783883 0.004975001 0.2067161
vn 0.004867998 -0.9999877 0.001028
vn 0.004868 -0.999988 0.001028
vn 0.004867998 -0.9999876 0.001028
vn 0.004867998 -0.9999876 0.001028
vn 0.004867998 -0.9999877 0.001028
vn 0.004867 -0.999988 0.001028
vn 0.004867998 -0.9999876 0.001028
vn 0.978388 0.004975 0.206716
vn 0.004867998 -0.9999877 0.001028
vn 0.004867 -0.999988 0.001028
vn 0.004867998 -0.9999877 0.001028
vn 0.978389 0.004975 0.206715
vn 0.9783884 0.004975002 0.2067161
vn 0.2067181 0 -0.9784006
vn -0.2067191 0 0.9784003
vn 0.004866998 -0.9999877 0.001028
vn -0.206718 -0 0.978401
vn 0.004867998 -0.9999876 0.001028
vn 0.004867 -0.999988 0.001028
vn -0.9783883 -0.004975001 -0.2067161
vn -0.9783884 -0.004975002 -0.2067161
vn -0.9783884 -0.004975002 -0.2067161
vn -0.004867998 0.9999876 -0.001028
vn -0.004867998 0.9999877 -0.001028
vn -0.9783883 -0.004975001 -0.2067161
vn -0.2067181 0 0.9784005
vn -0.206718 -0 0.978401
vn 0.9783884 0.004975002 0.2067161
vn -0.206719 0 0.9784
vn -0.206719 0 0.9784
vn 0.2067191 0 -0.9784003
vn -0.9783884 -0.004975002 -0.2067161
vn -0.004867998 0.9999877 -0.001028
vn 0.978388 0.004975 0.206716
vn -0.004867998 0.9999877 -0.001028
vn 0.206718 0 -0.9784
vn 0.978388 0.004975 0.206716
vn 0.206719 0 -0.9784
vn 0.9783884 0.004975002 0.2067161
vn -0.2067179 0 0.9784006
vn 0.9783884 0.004975002 0.2067161
vn -0.004867998 0.9999876 -0.001028
vn 0.978388 0.004975 0.206715
vn -0.2067179 0 0.9784006
vn 0.9783886 0.004975003 0.2067151
vn -0.004867998 0.9999876 -0.001028
vn 0.206719 0 -0.9784
vn -0.2067191 0 0.9784003
vn -0.206718 0 0.978401
vn -0.004867998 0.9999877 -0.001028
vn -0.004867998 0.9999876 -0.001028
vn 0.9783884 0.004975002 0.2067161
vn 0.004881 -0.999988 -0.000964
vn -0.981022 -0.004975 0.193831
vn 0.004880998 -0.9999876 -0.0009639995
vn -0.1938341 0 -0.9810343
vn 0.004881 -0.999988 -0.000964
vn -0.981022 -0.004975 0.193832
vn 0.004880998 -0.9999877 -0.0009639997
vn -0.193833 -0 -0.981034
vn 0.004880998 -0.9999877 -0.0009639997
vn 0.981022 0.004975 -0.193831
vn -0.1938341 0 -0.9810343
vn 0.9810224 0.004975002 -0.1938311
vn -0.9810224 -0.004975002 0.1938311
vn 0.004880998 -0.9999876 -0.0009639997
vn 0.193834 -0 0.981034
vn 0.004881 -0.999988 -0.000964
vn 0.981022 0.004975 -0.193831
vn 0.9810224 0.004975002 -0.1938311
vn 0.193834 -0 0.981034
vn 0.004880998 -0.9999877 -0.0009639997
vn 0.9810222 0.004975001 -0.193831
vn 0.004881 -0.999988 -0.000964
vn 0.981022 0.004975 -0.193831
vn 0.004880998 -0.9999876 -0.0009639997
vn 0.1938331 0 0.9810346
vn 0.1938341 0 0.9810343
vn 0.9810224 0.004975002 -0.1938311
vn 0.004880998 -0.9999877 -0.0009639997
vn 0.193833 -0 0.981034
vn 0.9810224 0.004975002 -0.1938311
vn 0.004881 -0.999988 -0.000964
vn 0.004880998 -0.9999876 -0.0009639997
vn 0.981022 0.004975 -0.193831
vn 0.981022 0.004975 -0.193832
vn -0.1938341 0 -0.9810343
vn 0.004880998 -0.9999877 -0.0009639997
vn -0.1938341 0 -0.9810343
vn 0.9810224 0.004975002 -0.1938311
vn 0.00488 -0.999988 -0.000964
vn 0.004880998 -0.9999877 -0.0009639997
vn 0.981022 0.004975 -0.193832
vn 0.981022 0.004975 -0.193832
vn 0.193834 0 0.981034
vn -0.193834 0 -0.981034
vn 0.9810221 0.004975 -0.193832
vn 0.1938341 0 0.9810343
vn 0.9810224 0.004975002 -0.1938311
vn -0.1938341 0 -0.9810343
vn 0.9810224 0.004975002 -0.1938311
vn -0.1938341 0 -0.9810343
vn 0.981022 0.004975 -0.193831
vn 0.004880998 -0.9999877 -0.0009639997
vn 0.004880998 -0.9999877 -0.0009639997
vn 0.004880998 -0.9999876 -0.0009639997
vn -0.1938341 0 -0.9810343
vn 0.004881 -0.999988 -0.000964
vn 0.193834 -0 0.981034
vn -0.9810222 -0.004975001 0.193831
vn -0.9810221 -0.004975 0.193832
vn -0.9810221 -0.004975 0.193832
vn -0.004880998 0.9999877 0.0009639997
vn -0.193834 -0 -0.981034
vn -0.004880998 0.9999876 0.0009639997
vn -0.004880998 0.9999877 0.0009639997
vn -0.981022 -0.004976 0.193831
vn -0.004880998 0.9999877 0.0009639997
vn -0.9810222 -0.004975 0.193832
vn -0.004881 0.999988 0.000964
vn -0.004880998 0.9999877 0.0009639996
vn -0.193834 0 -0.981034
vn 0.981022 0.004975 -0.193831
vn 0.9810224 0.004975002 -0.1938311
vn -0.1938341 0 -0.9810343
vn -0.9810224 -0.004975002 0.1938311
vn -0.00488 0.999988 0.000964
vn 0.1938341 0 0.9810343
vn -0.004881 0.999988 0.000964
vn -0.9810224 -0.004975002 0.1938311
vn 0.9810222 0.004975001 -0.193831
vn -0.004880998 0.9999877 0.0009639997
vn -0.004880998 0.9999877 0.0009639997
vn 0.9810224 0.004975002 -0.1938311
vn -0.004881 0.999988 0.000964
vn -0.004880998 0.9999877 0.0009639997
vn 0.9810224 0.004975002 -0.1938311
vn -0.004880998 0.9999877 0.0009639997
vn 0.193833 -0 0.981034
vn -0.004880998 0.9999876 0.0009639997
vn 0.193834 0 0.981034
vn -0.004880998 0.9999877 0.0009639997
vn 0.9810224 0.004975002 -0.1938311
vn -0.004881 0.999988 0.000964
vn -0.1938331 0 -0.9810346
vn -0.004881 0.999988 0.000964
vn 0.9810224 0.004975002 -0.1938311
vn -0.193834 0 -0.981034
vn 0.9810224 0.004975002 -0.1938311
vn -0.004880998 0.9999876 0.0009639997
vn -0.193834 0 -0.981034
vn -0.00488 0.999988 0.000964
vn -0.1938331 0 -0.9810346
vn -0.004881 0.999988 0.000964
vn 0.9810224 0.004975002 -0.1938311
vn 0.1938341 0 0.9810343
vn 0.9810221 0.004975 -0.193832
vn -0.004880998 0.9999876 0.0009639997
vn -0.004880998 0.9999876 0.0009639995
vn 0.981022 0.004975 -0.193832
vn -0.1938341 0 -0.9810343
vn -0.004880998 0.9999877 0.0009639997
vn -0.004880998 0.9999877 0.0009639997
vn 0.981022 0.004975 -0.193831
vn 0.9810224 0.004975002 -0.1938311
vn -0.004881 0.999988 0.000964
vn -0.1938341 0 -0.9810343
vn -0.004880998 0.9999876 0.0009639997
vn 0.9810224 0.004975002 -0.1938311
vn -0.004881 0.999988 0.000964
vn -0.978388 -0.004975 -0.206716
vn 0.004868 -0.999988 0.001028
vn -0.9783884 -0.004975002 -0.2067161
vn -0.2067191 0 0.9784003
vn -0.206718 0 0.978401
vn -0.978388 -0.004975 -0.206715
vn -0.9783884 -0.004975002 -0.2067161
vn -0.206719 0 0.9784
vn -0.206719 -0 0.9784
vn 0.978388 0.004975 0.206716
vn 0.004867998 -0.9999877 0.001028
vn -0.2067179 0 0.9784006
vn -0.9783884 -0.004975002 -0.2067161
vn 0.206719 -0 -0.9784
vn 0.2067191 0 -0.9784003
vn 0.978388 0.004975 0.206716
vn 0.206718 0 -0.9784
vn 0.004867998 -0.9999876 0.001028
vn 0.9783884 0.004975002 0.2067161
vn 0.004867998 -0.9999877 0.001028
vn 0.2067181 0 -0.9784006
vn 0.978388 0.004975 0.206716
vn 0.9783884 0.004975002 0.2067161
vn 0.2067181 0 -0.9784006
vn 0.9783884 0.004975002 0.2067161
vn 0.2067191 0 -0.9784003
vn 0.206719 -0 -0.9784
vn 0.978388 0.004975 0.206716
vn 0.9783884 0.004975002 0.2067161
vn -0.206718 -0 0.9784
vn -0.2067179 0 0.9784006
vn 0.978388 0.004975 0.206716
vn 0.004866998 -0.9999876 0.001028
vn -0.2067191 0 0.9784003
vn 0.9783884 0.004975002 0.2067161
vn -0.2067181 0 0.9784005
vn 0.9783886 0.004975003 0.2067151
vn -0.206718 -0 0.978401
vn -0.2067179 0 0.9784006
vn 0.978388 0.004975 0.206716
vn 0.004866998 -0.9999877 0.001028
vn 0.206718 0 -0.978401
vn 0.004868 -0.999988 0.001028
vn -0.206718 -0 0.978401
vn 0.004867998 -0.9999877 0.001028
vn 0.9783884 0.004975002 0.2067161
vn 0.004867 -0.999988 0.001028
vn 0.9783884 0.004975002 0.2067161
vn 0.004866998 -0.9999877 0.001028
vn 0.978388 0.004975 0.206716
vn -0.2067179 0 0.9784006
vn 0.004866998 -0.9999877 0.001028
vn -0.2067191 0 0.9784003
vn -0.978388 -0.004976 -0.206716
vn 0.206719 0 -0.9784
vn 0.978388 0.004975 0.206716
vn -0.2067181 0 0.9784006
vn -0.2067181 0 0.9784006
vn -0.2067179 0 0.9784006
vn -0.004867998 0.9999877 -0.001028
vn -0.978388 -0.004975 -0.206716
vn -0.206719 -0 0.9784
vn -0.978388 -0.004975 -0.206716
vn -0.004867998 0.9999877 -0.001028
vn -0.2067191 0 0.9784003
vn -0.2067191 0 0.9784003
vn -0.004868 0.999988 -0.001028
vn -0.004867998 0.9999877 -0.001028
vn 0.978388 0.004975 0.206716
vn -0.004867998 0.9999877 -0.001028
vn -0.2067191 0 0.9784003
vn -0.004867998 0.9999876 -0.001028
vn -0.004868 0.999988 -0.001028
vn -0.9783884 -0.004975002 -0.2067161
vn -0.978388 -0.004975 -0.206716
vn -0.004868 0.999988 -0.001028
vn -0.004867998 0.9999876 -0.001028
vn 0.206719 -0 -0.9784
vn 0.9783883 0.004975001 0.2067161
vn -0.004866998 0.9999877 -0.001028
vn 0.9783884 0.004975002 0.2067161
vn -0.004868 0.999988 -0.001028
vn 0.2067181 0 -0.9784006
vn -0.004866998 0.9999877 -0.001028
vn 0.9783884 0.004975002 0.2067161
vn -0.004867998 0.9999876 -0.001028
vn 0.206718 0 -0.978401
vn 0.978388 0.004975 0.206716
vn -0.004867998 0.9999877 -0.001028
vn 0.2067181 0 -0.9784006
vn -0.004868 0.999988 -0.001028
vn 0.978388 0.004975 0.206716
vn -0.004868 0.999988 -0.001028
vn -0.206719 0 0.9784
vn -0.004867998 0.9999877 -0.001028
vn -0.206718 -0 0.978401
vn 0.9783884 0.004975002 0.2067161
vn -0.004868 0.999988 -0.001028
vn -0.206718 -0 0.978401
vn 0.978388 0.004975 0.206716
vn -0.004868 0.999988 -0.001028
vn 0.2067181 0 -0.9784006
vn -0.004867998 0.9999877 -0.001028
vn -0.206718 -0 0.9784
vn 0.9783884 0.004975002 0.2067161
vn 0.978388 0.004975 0.206716
vn -0.004867998 0.9999876 -0.001028
vn -0.004867998 0.9999877 -0.001028
vn 0.978388 0.004975 0.206716
vn 0.978388 0.004975 0.206716
vn -0.004867998 0.9999877 -0.001028
vn -0.2067179 0 0.9784006
vn -0.004868 0.999988 -0.001028
vn 0.9783884 0.004975002 0.2067161
vn -0.2067181 0 0.9784005
vn 0.2067191 0 -0.9784003
vn -0.004867 0.999988 -0.001028
vt 3776 4193
vt 3808 -3775
vt 3776 4129
vt 3840 -3775
vt 3776 4321
vt 3776 4321
vt 3968 4097
vt 4096 -3775
vt 3776 4161
vt 4064 4161
vt 4032 4161
vt 3968 4225
vt 3776 4225
vt 4032 -3775
vt 4000 4321
vt 4032 -3775
vt 3776 4481
vt 3776 4449
vt 3904 4481
vt 3904 4417
vt 3840 -3775
vt 3776 4545
vt 3776 4513
vt 3968 4545
vt 3904 4513
vt 3968 4417
vt 3808 4385
vt 3840 4385
vt 3776 4353
vt 3840 -3775
vt 4000 -3775
vt 3840 4097
vt 3840 4129
vt 3872 4193
vt 3808 -3871
vt 3872 4129
vt 3872 4129
vt 3872 4225
vt 3776 4321
vt 3808 4321
vt 3872 4097
vt 3840 4225
vt 4096 -3871
vt 3968 4097
vt 3872 4161
vt 4032 -3871
vt 3872 4161
vt 3872 4225
vt 4032 -3871
vt 4000 -3871
vt 3872 4321
vt 3872 -3871
vt 3904 4481
vt 3872 4449
vt 3840 -3871
vt 3936 -3871
vt 3968 4545
vt 3872 4513
vt 3872 4417
vt 3904 -3871
vt 3872 4385
vt 3840 4385
vt 3872 4353
vt 3872 4417
vt 3776 4193
vt 3808 4193
vt 3808 4129
vt 3840 4129
vt 3808 4321
vt 3776 -3775
vt 4096 4097
vt 4096 4161
vt 4064 4161
vt 4032 -3775
vt 3968 4225
vt 4064 4225
vt 4032 4225
vt 4000 4321
vt 4032 4321
vt 3872 4481
vt 3872 4449
vt 3904 -3775
vt 3840 4449
vt 3936 4545
vt 3936 4513
vt 3968 -3775
vt 3904 -3775
vt 3776 4417
vt 3776 4385
vt 3840 4385
vt 3776 4353
vt 3840 4097
vt 4000 4417
vt 3840 -3839
vt 3840 -3839
vt 3776 -3871
vt 3808 4193
vt 3840 4129
vt 3808 -3871
vt 3872 4225
vt 3872 4321
vt 3808 -3871
vt 3872 4097
vt 3840 4225
vt 3872 4097
vt 3968 -3871
vt 4096 4161
vt 4032 -3871
vt 4064 4161
vt 3872 4225
vt 4032 -3871
vt 3872 4321
vt 4032 -3871
vt 3872 4481
vt 3904 -3871
vt 3872 4449
vt 3840 -3871
vt 3872 4545
vt 3968 -3871
vt 3936 4513
vt 3872 4417
vt 3872 4513
vt 3872 4385
vt 3840 4385
vt 3840 4353
vt 4000 -3871
vt 3776 -3775
vt 3808 4193
vt 3776 4193
vt 3808 4129
vt 3808 -3775
vt 3840 4129
vt 3776 4129
vt 3808 4321
vt 3808 -3775
vt 3776 -3775
vt 3968 -3775
vt 4096 4097
vt 3776 4097
vt 4096 4161
vt 4096 -3775
vt 4064 -3775
vt 3776 4161
vt 4064 4161
vt 4032 -3775
vt 4064 4225
vt 4064 -3775
vt 4032 4225
vt 3776 4225
vt 3776 4321
vt 4000 -3775
vt 4032 4321
vt 3776 4321
vt 3872 -3775
vt 3872 4481
vt 3872 4449
vt 3872 -3775
vt 3904 -3775
vt 3776 4481
vt 3840 4449
vt 3776 4449
vt 3936 -3775
vt 3936 4545
vt 3936 4513
vt 3936 -3775
vt 3968 -3775
vt 3776 4545
vt 3776 4513
vt 3904 -3775
vt 3776 4417
vt 3968 -3775
vt 3776 4385
vt 3808 -3775
vt 3776 4385
vt 3840 -3775
vt 3840 4385
vt 3840 4353
vt 3840 4097
vt 3776 4097
vt 4000 4417
vt 3776 4417
vt 3840 -3839
vt 3840 -3839
vt 3776 -3871
vt 3776 4193
vt 3872 4193
vt 3808 4193
vt 3840 4129
vt 3840 -3871
vt 3840 4129
vt 3808 -3871
vt 3808 4129
vt 3840 4225
vt 3872 4321
vt 3776 -3871
vt 3808 -3871
vt 3872 4321
vt 3840 -3871
vt 3840 4097
vt 3872 4097
vt 4096 4097
vt 3968 -3871
vt 4096 -3871
vt 4096 4161
vt 4032 4161
vt 4064 -3871
vt 4064 4161
vt 4064 4161
vt 4064 -3871
vt 4064 4225
vt 3872 4225
vt 4032 4225
vt 3872 4321
vt 4000 4321
vt 4032 -3871
vt 4032 4321
vt 3872 4481
vt 3904 -3871
vt 3872 4481
vt 3872 -3871
vt 3872 4449
vt 3840 4449
vt 3872 4545
vt 3936 4545
vt 3968 -3871
vt 3872 4545
vt 3936 -3871
vt 3936 4513
vt 3968 4417
vt 3968 -3871
vt 3872 4513
vt 3904 4513
vt 3808 4385
vt 3808 -3871
vt 3840 -3871
vt 3840 4385
vt 3872 4385
vt 3840 4353
vt 4000 -3871
vt 4000 4417
vt 3776 -3775
vt 3808 -3775
vt 3776 4193
vt 3776 4129
vt 3808 -3775
vt 3840 -3775
vt 3776 4129
vt 3776 4321
vt 3808 -3775
vt 3776 4321
vt 4096 -3775
vt 3776 4097
vt 3776 4161
vt 4096 -3775
vt 3776 4161
vt 4064 4161
vt 4064 -3775
vt 4032 4161
vt 3776 4225
vt 4064 -3775
vt 4032 -3775
vt 3776 4225
vt 4000 -3775
vt 3776 4321
vt 3776 4321
vt 4032 -3775
vt 3872 -3775
vt 3776 4481
vt 3776 4449
vt 3872 -3775
vt 3904 4481
vt 3776 4481
vt 3840 -3775
vt 3776 4449
vt 3936 -3775
vt 3776 4545
vt 3776 4513
vt 3936 -3775
vt 3968 4545
vt 3776 4545
vt 3904 4513
vt 3776 4513
vt 3968 4417
vt 3968 -3775
vt 3808 4385
vt 3808 -3775
vt 3840 4385
vt 3840 -3775
vt 3776 4385
vt 3840 4353
vt 3776 4097
vt 3840 -3775
vt 3776 4417
vt 4000 -3775
vt 3840 4097
vt 3840 4129
vt 3872 4193
vt 3776 4193
vt 3808 -3871
vt 3872 4193
vt 3840 -3871
vt 3840 4129
vt 3872 4129
vt 3872 4129
vt 3808 4129
vt 3840 4225
vt 3776 -3871
vt 3776 4321
vt 3872 4321
vt 3808 4321
vt 3840 4097
vt 3840 -3871
vt 4096 -3871
vt 4096 4097
vt 3968 4097
vt 3872 4161
vt 4096 -3871
vt 4032 4161
vt 4064 -3871
vt 4064 4161
vt 3872 4161
vt 4064 4225
vt 4064 -3871
vt 4032 4225
vt 3872 4225
vt 4000 -3871
vt 4000 4321
vt 3872 4321
vt 4032 4321
vt 3872 -3871
vt 3872 4481
vt 3904 4481
vt 3872 -3871
vt 3840 4449
vt 3872 4449
vt 3936 -3871
vt 3936 4545
vt 3872 4545
vt 3968 4545
vt 3872 4513
vt 3936 -3871
vt 3968 -3871
vt 3968 4417
vt 3904 4513
vt 3904 -3871
vt 3808 -3871
vt 3808 4385
vt 3872 4385
vt 3840 4385
vt 3840 -3871
vt 3872 4353
vt 3872 4417
vt 4000 4417
g slot23
f 29/177/179 2/128/129 5/134/135
f 6/6/6 2/128/129 1/1/127
f 28/28/28 29/177/179 5/134/135
f 29/177/179 28/176/178 20/20/20
f 2/128/129 4/132/133 3/130/131
f 2/128/129 29/177/179 20/20/20
f 5/134/135 2/128/129 6/6/6
f 4/132/133 2/128/129 20/20/20
f 26/26/26 30/178/180 4/132/133
f 20/20/20 26/26/26 4/132/133
f 10/144/146 9/140/142 8/138/140
f 11/11/11 10/144/146 8/138/140
f 7/7/7 11/11/11 8/138/140
f 11/11/11 7/7/7 12/12/12
f 12/12/12 10/10/10 11/11/11
f 14/148/150 13/146/148 10/10/10
f 12/12/12 14/148/150 10/10/10
f 12/12/12 26/26/26 15/15/15
f 15/15/15 16/152/154 12/12/12
f 16/152/154 14/148/150 12/12/12
f 19/19/19 18/156/158 17/155/157
f 12/12/12 7/7/7 30/178/180
f 21/160/162 20/20/20 28/176/178
f 18/156/158 19/19/19 20/20/20
f 21/160/162 18/156/158 20/20/20
f 24/24/24 23/164/166 22/163/165
f 24/24/24 26/26/26 23/164/166
f 19/19/19 25/25/25 23/164/166
f 26/26/26 12/12/12 30/178/180
f 26/26/26 20/20/20 19/19/19
f 23/164/166 26/26/26 19/19/19
f 31/180/182 15/15/15 26/26/26
f 28/28/28 5/134/135 27/27/27
f 69/69/69 66/66/66 91/290/296
f 65/65/246 66/66/66 70/250/255
f 69/69/69 91/290/296 90/287/293
f 81/81/81 90/90/90 91/290/296
f 67/67/67 68/68/68 66/66/66
f 81/81/81 91/290/296 66/66/66
f 70/250/255 66/66/66 69/69/69
f 81/81/81 66/66/66 68/68/68
f 68/68/68 92/92/92 88/283/289
f 68/68/68 88/283/289 81/81/81
f 71/71/71 72/72/72 73/73/73
f 71/71/71 73/73/73 74/258/264
f 71/71/71 74/258/264 92/92/92
f 75/75/75 92/92/92 74/258/264
f 74/258/264 73/256/262 75/75/75
f 73/256/262 76/76/76 77/77/77
f 73/256/262 77/77/77 75/75/75
f 78/78/78 88/283/289 75/75/75
f 75/75/75 79/79/79 78/78/78
f 75/75/75 77/77/77 79/79/79
f 80/80/80 81/81/81 82/271/277
f 82/271/277 88/283/289 85/85/85
f 90/90/90 81/81/81 83/83/83
f 88/283/289 78/78/78 93/93/93
f 89/285/291 69/69/69 90/287/293
f 84/84/84 85/85/85 86/279/285
f 85/85/85 88/283/289 86/279/285
f 85/85/85 87/281/287 82/271/277
f 92/92/92 75/75/75 88/283/289
f 82/271/277 81/81/81 88/283/289
g slot24
f 109/319/325 108/108/108 74/74/74
f 73/257/263 72/254/260 107/317/323
f 107/317/323 74/74/74 73/257/263
f 64/64/64 15/150/152 31/181/183
f 54/220/223 21/21/21 55/55/55
f 54/220/223 18/157/159 21/21/21
f 53/218/221 17/154/156 52/52/52
f 57/225/229 22/162/164 56/56/56
f 52/217/219 17/17/17 18/18/18
f 62/235/239 28/175/177 27/173/175
f 62/235/239 27/173/175 61/234/238
f 28/174/176 29/29/29 63/63/63
f 57/226/230 59/59/59 26/170/172
f 40/197/199 61/61/61 27/172/174
f 26/170/172 24/167/169 57/226/230
f 58/227/231 23/165/167 25/169/171
f 40/197/199 27/172/174 5/5/5
f 50/214/216 64/240/244 59/229/233
f 33/33/33 30/179/181 32/32/32
f 33/33/33 4/133/134 30/179/181
f 34/185/187 38/193/195 39/39/39
f 34/185/187 35/187/189 38/193/195
f 35/187/189 37/192/194 36/188/190
f 36/188/190 38/193/195 35/187/189
f 52/217/219 18/18/18 54/54/54
f 64/239/243 26/171/173 59/230/234
f 63/63/63 62/237/241 21/161/163
f 40/40/40 39/39/39 38/193/195
f 38/193/195 63/238/242 40/40/40
f 32/32/32 41/41/41 36/36/36
f 36/36/36 38/38/38 32/32/32
f 33/33/33 32/32/32 38/38/38
f 38/38/38 42/42/42 33/33/33
f 45/204/206 44/44/44 43/201/203
f 46/205/207 49/212/214 44/44/44
f 47/208/210 46/205/207 44/44/44
f 45/204/206 47/208/210 44/44/44
f 46/205/207 47/207/209 48/210/212
f 48/210/212 49/212/214 46/205/207
f 56/223/227 23/23/23 58/58/58
f 56/223/227 22/22/22 23/23/23
f 51/215/217 16/16/16 15/151/153
f 53/218/221 19/158/160 17/154/156
f 49/212/214 51/216/218 50/214/216
f 54/54/224 53/53/53 52/217/220
f 54/54/224 62/62/62 53/53/53
f 62/237/241 55/221/225 21/161/163
f 54/54/224 55/222/226 62/62/62
f 60/231/235 25/168/170 19/159/161
f 58/228/232 57/57/57 56/224/228
f 58/227/231 25/169/171 60/60/60
f 63/63/63 21/161/163 28/174/176
f 53/53/53 62/62/62 59/229/233
f 59/229/233 60/232/236 53/53/53
f 58/228/232 60/232/236 59/229/233
f 59/229/233 57/57/57 58/228/232
f 37/37/37 2/129/130 3/3/3
f 37/37/37 35/186/188 2/129/130
f 6/6/137 1/1/1 34/34/34
f 57/225/229 24/166/168 22/162/164
f 64/239/243 31/31/31 26/171/173
f 34/34/34 39/194/196 6/6/137
f 9/9/9 43/200/202 8/139/141
f 9/9/9 45/45/45 43/200/202
f 13/13/13 47/47/47 10/143/145
f 13/13/13 48/48/48 47/47/47
f 51/51/51 14/149/151 16/153/155
f 51/51/51 49/211/213 14/149/151
f 4/4/4 37/191/193 3/131/132
f 33/183/185 36/189/191 37/191/193
f 4/4/4 33/183/185 37/191/193
f 2/2/2 34/184/186 1/127/128
f 2/2/2 35/35/35 34/184/186
f 40/196/198 6/136/138 39/195/197
f 40/196/198 5/135/136 6/136/138
f 63/238/242 61/233/237 40/40/40
f 63/238/242 62/236/240 61/233/237
f 48/209/211 14/14/14 49/49/49
f 36/190/192 41/199/201 44/44/44
f 38/193/195 36/190/192 44/44/44
f 63/238/242 38/193/195 44/44/44
f 48/209/211 13/147/149 14/14/14
f 62/62/62 63/238/242 44/44/44
f 64/64/64 50/213/215 15/150/152
f 60/231/235 19/159/161 53/219/222
f 50/214/216 59/229/233 62/62/62
f 51/215/217 15/151/153 50/50/50
f 49/212/214 50/214/216 62/62/62
f 44/44/44 49/212/214 62/62/62
f 32/182/184 30/30/30 7/137/139
f 8/8/8 41/198/200 32/182/184
f 7/137/139 8/8/8 32/182/184
f 44/202/204 41/198/200 8/8/8
f 8/8/8 43/43/43 44/202/204
f 11/145/147 46/46/46 47/206/208
f 47/206/208 45/203/205 11/145/147
f 10/142/144 11/145/147 45/203/205
f 45/203/205 9/141/143 10/142/144
f 93/293/299 78/264/270 126/352/360
f 117/117/117 83/273/279 116/333/341
f 83/273/279 81/270/276 116/333/341
f 114/330/336 80/267/273 115/115/115
f 118/336/344 84/275/281 119/119/119
f 81/269/275 80/268/274 114/114/114
f 89/286/292 90/288/294 124/350/358
f 123/346/354 89/286/292 124/350/358
f 125/351/359 91/91/91 90/289/295
f 88/88/88 121/121/121 119/338/346
f 89/89/89 123/123/123 102/309/315
f 119/338/346 86/280/286 88/88/88
f 87/87/87 85/278/284 120/341/349
f 69/248/253 89/89/89 102/309/315
f 121/343/351 126/353/361 112/327/333
f 94/295/301 92/291/297 95/296/302
f 92/291/297 68/247/252 95/296/302
f 101/308/314 100/306/312 96/298/304
f 100/306/312 97/97/97 96/298/304
f 98/302/308 99/305/311 97/97/97
f 97/97/97 100/306/312 98/302/308
f 116/116/340 81/269/275 114/114/114
f 121/342/350 88/284/290 126/126/126
f 83/274/280 124/348/356 125/351/359
f 100/306/312 101/308/314 102/310/316
f 102/310/316 125/125/125 100/306/312
f 98/303/309 103/103/103 94/295/301
f 94/295/301 100/100/100 98/303/309
f 100/100/100 94/295/301 95/296/302
f 95/296/302 104/104/104 100/100/100
f 105/314/320 106/315/321 107/107/107
f 106/315/321 111/324/330 108/318/324
f 106/315/321 108/318/324 109/109/109
f 106/315/321 109/109/109 107/107/107
f 110/322/328 109/320/326 108/318/324
f 108/318/324 111/324/330 110/322/328
f 120/340/348 85/277/283 118/118/118
f 85/277/283 84/276/282 118/118/118
f 78/263/269 79/266/272 113/113/113
f 80/267/273 82/82/82 115/115/115
f 112/327/333 113/329/335 111/324/330
f 114/114/337 115/332/339 116/116/116
f 115/332/339 124/124/124 116/116/116
f 83/274/280 117/335/343 124/348/356
f 124/124/124 117/334/342 116/116/116
f 82/272/278 87/282/288 122/122/122
f 118/337/345 119/339/347 120/120/120
f 122/345/353 87/87/87 120/341/349
f 90/289/295 83/274/280 125/351/359
f 121/343/351 124/124/124 115/332/339
f 115/332/339 122/344/352 121/343/351
f 121/343/351 122/344/352 120/120/120
f 120/120/120 119/339/347 121/343/351
f 67/244/249 66/243/248 99/304/310
f 66/243/248 97/300/306 99/304/310
f 96/297/303 65/65/65 70/250/256
f 84/275/281 86/86/86 119/119/119
f 88/284/290 93/294/300 126/126/126
f 70/250/256 101/101/101 96/297/303
f 71/252/258 105/105/105 72/253/259
f 105/105/105 107/316/322 72/253/259
f 73/255/261 109/321/327 76/259/265
f 109/321/327 110/110/110 76/259/265
f 79/265/271 77/262/268 113/328/334
f 77/262/268 111/325/331 113/328/334
f 67/245/250 99/99/99 68/246/251
f 99/99/99 98/301/307 95/95/95
f 99/99/99 95/95/95 68/246/251
f 65/241/245 96/96/96 66/242/247
f 96/96/96 97/299/305 66/242/247
f 101/307/313 70/70/70 102/102/102
f 70/70/70 69/249/254 102/102/102
f 102/310/316 123/347/355 125/125/125
f 123/347/355 124/349/357 125/125/125
f 111/111/111 77/261/267 110/323/329
f 106/315/321 103/311/317 98/98/98
f 106/315/321 98/98/98 100/306/312
f 106/315/321 100/306/312 125/125/125
f 77/261/267 76/260/266 110/323/329
f 106/315/321 125/125/125 124/124/124
f 78/264/270 112/112/112 126/352/360
f 115/331/338 82/272/278 122/122/122
f 124/124/124 121/343/351 112/327/333
f 112/326/332 78/263/269 113/113/113
f 124/124/124 112/327/333 111/324/330
f 124/124/124 111/324/330 106/315/321
f 74/74/74 107/317/323 109/319/325
f 94/94/94 103/312/318 71/251/257
f 94/94/94 71/251/257 92/292/298
f 71/251/257 103/312/318 106/106/106
f 106/106/106 105/313/319 71/251/257
