g slot1
v -58.49092 17.7476 -18.5
v -60.64572 17.15024 -18.75
v -58.29891 18.729 -18.5
v -60.2617 19.11302 -18.75
v -60.64572 17.15024 -22.25
v -60.2617 19.11302 -22.25
v -55.54675 17.17157 -19
v -58.49092 17.7476 -19
v -54.56535 16.97955 -18
v -58.29891 18.729 -19
v -39.84447 14.09937 -17
v -46.71421 15.44345 -17
v -38.86307 13.90736 -16
v -46.5222 16.42485 -17
v -35.12952 12.15791 -15.5
v -47.69561 15.63547 -18
v -47.50359 16.61686 -18
v -60.64572 17.15024 18.75
v -58.29891 18.729 18.5
v -58.49092 17.7476 18.5
v -60.64572 17.15024 22.25
v -60.2617 19.11302 22.25
v -58.49092 17.7476 19
v -58.29891 18.729 19
v -38.86307 13.90736 16
v -39.84447 14.09937 17
v -35.12952 12.15791 15.5
v -19.04321 11.0485 -14
v -19.04321 11.0485 -12
v -15.11764 10.28045 -18
v -15.50167 8.317665 -18
v -15.50167 8.317665 -16
v -9.613311 7.165591 -16
v -9.229286 9.128376 -16
v -9.613311 7.165591 -18
v -11.5761 7.549616 -16
v -11.38408 8.531008 -13
v -11.19207 9.512401 -16
v -7.266501 8.744351 -16
v -7.650526 6.781566 -16
v -11.5761 7.549616 -12.5
v -7.650526 6.781566 -10
v -9.613311 7.165591 -10
v -7.266501 8.744351 -10
v -9.229286 9.128376 -10
v -15.50167 8.317665 -16.5
v -19.04321 11.0485 12
v -19.04321 11.0485 14
v -23.95017 12.00856 15
v -11.38408 8.531008 13
v -9.613311 7.165591 10
v -7.650526 6.781566 10
v -7.650526 6.781566 16
v -11.5761 7.549616 16
v -7.266501 8.744351 16
v -11.19207 9.512401 16
v -9.229286 9.128376 16
v -11.5761 7.549616 12.5
v -15.11764 10.28045 18
v -15.50167 8.317665 16
v -15.50167 8.317665 18
v -9.613311 7.165591 18
v -9.613311 7.165591 16
v -15.50167 8.317665 16.5
v -11.19207 9.512401 -12
v -11.19207 9.512401 -8
v -11.19207 9.512401 8
v -15.11764 10.28045 12
v -15.11764 10.28045 -12
v -59.87767 21.07581 -18.75
v -59.87767 21.07581 -22.25
v -34.36147 16.08348 -19
v -34.36147 16.08348 -15.5
v -59.87767 21.07581 22.25
v -59.87767 21.07581 18.75
v -18.65919 13.01128 -16
v -18.65919 13.01128 -13.5
v -19.04321 11.0485 -13.5
v -14.73362 12.24323 -18
v -14.73362 12.24323 -16
v -8.845261 11.09116 -16
v -8.845261 11.09116 -18
v -14.73362 12.24323 -12
v -18.65919 13.01128 -12
v -12.57882 12.8406 -12
v -12.77083 11.85921 -12
v -12.77083 11.85921 -14
v -12.77083 11.85921 -15
v -12.57882 12.8406 -15
v -13.15486 9.896426 -10
v -15.11764 10.28045 -10
v -12.77083 11.85921 -10
v -14.73362 12.24323 -10
v -11.19207 9.512401 -6
v -13.15486 9.896426 -6
v -10.80805 11.47519 -6
v -12.77083 11.85921 -6
v -6.882476 10.70714 -16
v -10.80805 11.47519 -14
v -10.80805 11.47519 -12
v -9.826653 11.28317 -12
v -9.826653 11.28317 -15
v -9.634641 12.26457 -15
v -9.634641 12.26457 -12
v -6.882476 10.70714 -10
v -8.845261 11.09116 -10
v -10.80805 11.47519 -8
v -14.73362 12.24323 -16.5
v -18.65919 13.01128 13.5
v -18.65919 13.01128 16
v -19.04321 11.0485 13.5
v -12.77083 11.85921 6
v -13.15486 9.896426 6
v -10.80805 11.47519 6
v -11.19207 9.512401 6
v -18.65919 13.01128 12
v -14.73362 12.24323 12
v -19.04321 11.0485 16
v -14.73362 12.24323 10
v -15.11764 10.28045 10
v -12.77083 11.85921 10
v -13.15486 9.896426 10
v -12.57882 12.8406 15
v -12.77083 11.85921 15
v -12.77083 11.85921 14
v -12.77083 11.85921 12
v -12.57882 12.8406 12
v -14.73362 12.24323 16
v -8.845261 11.09116 10
v -6.882476 10.70714 10
v -6.882476 10.70714 16
v -8.845261 11.09116 16
v -10.80805 11.47519 12
v -9.826653 11.28317 12
v -6.882476 10.70714 14
v -9.826653 11.28317 15
v -9.634641 12.26457 12
v -9.634641 12.26457 15
v -10.80805 11.47519 8
v -14.73362 12.24323 18
v -8.845261 11.09116 18
v -14.73362 12.24323 16.5
vn -0.121727 0.023816 0.9922779
vn -0.192013 -0.981393 -0
vn -0.121727 0.023816 0.9922779
vn -0.735729 0.143948 0.661802
vn -0.1920119 -0.9813926 0
vn 0.121727 -0.023816 -0.9922779
vn -0.192013 -0.981393 2e-006
vn -0.9813924 0.1920131 0
vn -0.1920119 -0.9813926 0
vn -0.981392 0.192013 -0
vn -0.192012 -0.981393 0
vn -0.192013 -0.9813924 0
vn -0.1920119 -0.9813926 0
vn 0.1920121 0.9813926 0
vn -0.121727 0.023816 0.9922779
vn -0.1920131 -0.9813924 0
vn 0.1920131 0.9813924 0
vn -0.6115981 0.119661 -0.7820671
vn -0.121727 0.023816 -0.9922779
vn -0.121727 0.023816 -0.9922779
vn -0.981392 0.192013 -0
vn -0.9813924 0.192013 0
vn -0.1920119 -0.9813926 -9.999997e-007
vn -0.9813924 0.1920131 0
vn -0.1920121 -0.9813926 0
vn -0.1920119 -0.9813926 0
vn -0.1920129 -0.9813924 0
vn -0.9813924 0.1920131 0
vn -0.981392 0.192013 -0
vn 0 0 -1
vn -0.9813926 0.1920119 0
vn -0.1920119 -0.9813926 0
vn 0.981392 -0.192013 0
vn 0 0 -1
vn -0.192012 -0.981393 -0
vn -0.9813926 0.1920119 0
vn -0.192013 -0.981393 -0
vn 0 0 -1
vn 0.9813926 -0.1920119 0
vn 0 0 -1
vn -0.1920119 -0.9813926 0
vn -0.1920119 -0.9813926 0
vn -0.1920119 -0.9813926 0
vn 0 0 1
vn 0.9813924 -0.192013 0
vn 0.121727 -0.023816 -0.9922779
vn 0.1920121 0.9813926 0
vn 0.192012 0.981393 -0
vn 0.192012 0.981393 -1e-006
vn -0.1920119 -0.9813926 0
vn 0 0 -1
vn 0 0 -1
vn -0.1920119 -0.9813926 0
vn -0.192012 -0.981393 -0
vn 0 0 1
vn 0 0 1
vn 0.9813926 -0.1920121 0
vn -0.7357286 0.1439469 -0.6618026
vn -0.9813926 0.1920119 0
vn -0.9813926 0.1920119 0
vn -0.192012 -0.981393 0
vn 0 -0 1
vn -0.192013 -0.981392 0
vn -0.1920119 -0.9813926 0
vn -0.981393 0.192012 -0
vn 0.1920131 0.9813924 0
vn 0.192013 0.981392 -0
vn 0 0 -1
vn 0.1920119 0.9813926 0
vn -0.8891511 0.173965 0.4232571
vn 0.192012 0.981393 0
vn 0.121727 -0.023816 -0.9922779
vn 0.1920119 0.9813926 0
vn -0.9813924 0.1920131 0
vn 0.192012 0.981393 0
vn 0.1920119 0.9813926 0
vn -0.121727 0.023816 0.9922779
vn -0.121727 0.023816 0.992278
vn 0 0 -1
vn -0.9813926 0.1920119 0
vn 0 0 -1
vn 0.1920121 0.9813926 0
vn 0 0 1
vn -0.9813924 0.192013 0
vn 0.1920119 0.9813926 0
vn 0 0 1
vn 0.1920119 0.9813926 0
vn -0.9813924 0.1920131 0
vn -0.981392 0.192013 0
vn 0 0 1
vn -0.981393 0.192012 -0
vn 0 0 1
vn 0 0 1
vn 0 0 1
vn -0.981393 0.192012 0
vn -0.9813924 0.1920131 0
vn 0.192013 0.981392 -0
vn 0.1920121 0.9813926 0
vn 0.1920121 0.9813926 0
vn 0 0 1
vn 0.9813924 -0.1920131 0
vn 0.981392 -0.192013 -0
vn 0 -1e-006 -1
vn 0.192012 0.981393 -0
vn 0.1920119 0.9813926 0
vn 0 0 1
vn -0.981392 0.192013 -0
vn 0.1920119 0.9813926 0
vn 0.1920119 0.9813926 0
vn -0.9813924 0.192013 0
vn -0.121727 0.023816 -0.9922779
vn -0.981393 0.192012 0
vn 0 0 -1
vn 0.1920121 0.9813926 0
vn 0 0 -1
vn 0.192012 0.981393 0
vn 0.1920119 0.9813926 0
vn -0.981392 0.192013 -0
vn -0.981393 0.192012 0
vn 0 0 -1
vn 0.192013 0.9813924 0
vn 0 0 -1
vn 0.1920119 0.9813926 0
vn 0.1920119 0.9813926 0
vn 0.192012 0.981392 -0
vn 0.1920119 0.9813926 0
vn -0.981392 0.192013 0
vn 0.1920119 0.9813926 0
vn 0.981393 -0.192012 -0
vn 0.1920119 0.9813926 0
vn 0 0 1
vn 0.1920119 0.9813926 0
vn 0.1920119 0.9813926 0
vn 0 0 -1
vn 0.1920119 0.9813926 0
vn 0 1e-006 1
vn 0 0 -1
vn 0.192012 0.981392 -0
vn -0.9813924 0.1920129 0
vn -0.9813926 0.1920119 0
vn 0 0 1
vn 0.121727 -0.023816 0.9922779
vn -0.4108121 0.08037602 0.9081702
vn -0.9813924 0.1920131 0
vn 0.121727 -0.023817 -0.992278
vn -0.9813924 0.192013 0
vn -0.1920119 -0.9813926 9.999997e-007
vn 0.1920119 0.9813926 0
vn -0.1920119 -0.9813926 0
vn -0.1920129 -0.9813924 9.999994e-007
vn -0.192012 -0.981393 -0
vn 0.121727 -0.023816 0.9922779
vn 0.121727 -0.023816 0.9922779
vn -0.981392 0.192013 -0
vn 0.192012 0.981393 0
vn -0.121727 0.023816 -0.9922779
vn 0.1920119 0.9813926 0
vn 0.1920121 0.9813926 0
vn 0 0 1
vn -0.9813926 0.1920119 0
vn 0 0 -1
vn -0.1920121 -0.9813926 0
vn -0.981393 0.192012 -0
vn -0.1920129 -0.9813924 0
vn 0.9813924 -0.192013 0
vn 0 0 -1
vn 0.9813924 -0.1920131 0
vn 0 0 -1
vn -0.1920121 -0.9813926 0
vn 0 0 -1
vn 0.981393 -0.192013 -0
vn -0.192012 -0.981393 -0
vn -0.889151 0.173965 0.423257
vn -0.8891511 0.173965 0.4232571
vn 0.9813924 -0.1920129 0
vn 0 0 1
vn 0 0 1
vn 0.981392 -0.192013 -0
vn 0.9813926 -0.1920119 0
vn 0 0 1
vn -0.192012 -0.981393 0
vn -0.9813924 0.1920131 0
vn 0 0 -1
vn -0.9813924 0.1920131 0
vn 0.9813924 -0.1920131 0
vn -0.1920119 -0.9813926 0
vn 0.981393 -0.192013 -0
vn -0.192012 -0.981393 -0
vn 0.9813926 -0.1920119 0
vn 0 0 1
vn 0 0 1
vn -0.981393 0.192012 -0
vn 0.9813926 -0.1920119 0
vn 0 0 1
vn -0.7357286 0.1439469 -0.6618026
vn -0.1920119 -0.9813926 0
vn 0 0 1
vn -0.1920119 -0.9813926 0
vn -0.981393 0.192012 -0
vn 0 0 1
vn -0.1920121 -0.9813926 0
vn 0.981392 -0.192013 0
vn 0.9813924 -0.1920131 0
vn 0.121727 -0.023816 0.992278
vn -0.9813924 0.1920131 0
vn -0.9813924 0.1920131 0
vn -0.9813926 0.1920121 0
vn -0.981392 0.192012 -0
vn 0.1920119 0.9813926 0
vn -0.981393 0.192012 -0
vn -0.9813926 0.1920119 0
vn 0 0 1
vn 0.1920119 0.9813926 0
vn -0.981392 0.192013 -0
vn 0.121727 -0.023816 -0.9922779
vn 0.1920119 0.9813926 0
vn -0.121727 0.023816 0.9922779
vn 0.121727 -0.023816 0.992278
vn 0.1920121 0.9813926 0
vn -0.4108112 0.08037704 -0.9081705
vn -0.981392 0.192013 -0
vn 0.192012 0.981393 -0
vn -0.981393 0.192012 0
vn 0.192012 0.981393 0
vn 0.1920119 0.9813926 0
vn 0.9813926 -0.1920119 0
vn 0.1920119 0.9813926 0
vn 0 0 -1
vn 0.981393 -0.192012 -0
vn -0.981393 0.192012 0
vn 0.1920119 0.9813926 0
vn 0 0 1
vn 0.192012 0.981393 0
vn -0.9813924 0.192013 0
vn 0 0 1
vn -0.981392 0.192013 0
vn 0.1920129 0.9813924 0
vn 0.1920119 0.9813926 0
vn -0.9813924 0.1920131 0
vn 0.1920119 0.9813926 0
vn 0 1e-006 -1
vn 0.192012 0.981393 0
vn 0 0 -1
vn -0.9813926 0.1920119 0
vn 0 0 1
vn -0.981393 0.192012 0
vn 0.1920119 0.9813926 0
vn -0.9813926 0.1920119 0
vn 0.192012 0.981393 0
vn 0 0 1
vn 0.1920129 0.9813924 0
vn 0 0 1
vn 0.1920129 0.9813924 0
vn -0.9813926 0.1920119 0
vn 0 0 1
vn 0 0 -1
vn 0.9813926 -0.1920119 0
vn 0.1920119 0.9813926 0
vn 0.1920119 0.9813926 0
vn 0.1920129 0.9813924 0
vn 0 0 1
vn 0 0 -1
vn 0.1920119 0.9813926 0
vn 0.9813924 -0.1920131 0
vn 0 0 1
vn 0.981392 -0.192013 -0
vn 0.981393 -0.192012 0
vn 0 0 1
vn 0.192013 0.9813924 0
vn 0.9813926 -0.1920119 0
vn 0.1920119 0.9813926 0
vn 0.121727 -0.023816 -0.992278
vn -0.121727 0.023816 -0.992278
vn 0.1920119 0.9813926 0
vn 0.192013 0.9813924 0
vn 0 0 -1
vn -0.9813926 0.1920119 0
vn 0 0 -1
vn 0.192012 0.981392 -0
vn -0.9813924 0.1920129 0
vn -0.981392 0.192013 -0
vn 0 0 -1
vn 0 0 -1
vn -0.9813926 0.1920119 0
vn 0.192012 0.981393 0
vn 0 0 -1
vn -0.9813926 0.1920119 0
vn -0.9813926 0.1920119 0
vn 0 0 -1
vn -0.981393 0.192012 0
vn -0.9813924 0.192013 0
vn 0 -1e-006 1
vn 0 0 1
vn -0.981392 0.192013 0
vn -0.9813924 0.1920131 0
vn 0.1920121 0.9813926 0
vn -0.9813924 0.1920131 0
vn 0 0 -1
vn 0.192012 0.981393 0
vn 0 0 -1
vn -0.981393 0.192012 0
vn 0.1920119 0.9813926 0
vn 0 0 -1
vn 0 0 -1
vn 0.9813926 -0.1920119 0
vn 0.981393 -0.192012 0
vn 0.192012 0.981393 0
vn 0 0 1
vn 0.981393 -0.192012 -0
vn 0.192012 0.981393 -0
vn 0 0 -1
vn 0.1920119 0.9813926 0
vn 0.981392 -0.192013 -0
vn 0.9813926 -0.1920119 0
vn 0.9813924 -0.1920131 0
vn 0.1920119 0.9813926 0
vn 0.9813924 -0.1920131 0
vn 0 0 1
vn 0.981392 -0.192013 -0
vn 0.1920129 0.9813924 0
vn 0 0 1
vn 0.1920121 0.9813926 0
vn 0.9813926 -0.1920119 0
vn 0.192012 0.981393 0
vn 0.192012 0.981393 0
vt 7.984375 9.625
vt 7.207031 9.59375
vt 8 9.625
vt 7.207031 -7
vt 7.152344 9.59375
vt 8 9.59375
vt 7.203125 9.671875
vt 7.203125 -6.984375
vt 7.21875 9.6875
vt 7.203125 -7
vt 7.234375 9.921875
vt 7.234375 9.8125
vt 7.25 9.9375
vt 7.234375 9.8125
vt 7.96875 10
vt 7.21875 9.796875
vt 7.21875 9.796875
vt 7.792969 -6.96875
vt 8 9.625
vt 7.984375 9.625
vt 7.847656 -6.96875
vt 7.847656 -7
vt 7.796875 9.625
vt 7.796875 -7
vt 7.75 9.9375
vt 7.765625 9.921875
vt 7.742188 10
vt 7.28125 -7
vt 7.3125 -7
vt 8 10.3125
vt 7.21875 -6.96875
vt 7.25 10.3125
vt 7.25 -6.96875
vt 8 10.40625
vt 7.21875 10.40625
vt 7.25 -6.96875
vt 7.296875 10.375
vt 8 10.375
vt 7.25 -7
vt 7.96875 10.4375
vt 7.304688 10.375
vt 7.34375 10.4375
vt 7.34375 10.40625
vt 8 10.4375
vt 7.34375 -7
vt 7.96875 10.3125
vt 7.6875 10.25
vt 7.71875 10.25
vt 7.734375 10.17188
vt 7.703125 10.375
vt 7.96875 10.40625
vt 7.96875 10.4375
vt 7.75 10.4375
vt 7.75 10.375
vt 8 10.4375
vt 8 10.375
vt 7.75 -7
vt 7.96875 10.375
vt 7.78125 -7
vt 7.75 -6.96875
vt 7.78125 10.3125
vt 7.96875 10.40625
vt 7.75 10.40625
vt 7.757813 10.3125
vt 7.3125 -7
vt 7.375 10.375
vt 7.625 10.375
vt 8 10.3125
vt 7.3125 10.3125
vt 7.207031 -7.03125
vt 7.152344 9.59375
vt 8.03125 10
vt 7.257813 10
vt 7.847656 -7.03125
vt 7.792969 9.59375
vt 7.25 10.25
vt 8.03125 10.25
vt 8 10.25
vt 8.03125 10.3125
vt 7.25 -7.03125
vt 8.03125 10.40625
vt 7.21875 10.40625
vt 8.03125 10.3125
vt 7.3125 -7.03125
vt 7.3125 10.34375
vt 8.03125 10.34375
vt 7.28125 10.34375
vt 7.265625 -7.03125
vt 7.265625 -7.046875
vt 8 10.34375
vt 7.34375 -7
vt 8.03125 10.34375
vt 8.03125 10.3125
vt 8 10.375
vt 7.40625 -7
vt 7.40625 -7.03125
vt 7.40625 10.34375
vt 7.25 10.4375
vt 7.28125 10.375
vt 8.03125 10.375
vt 7.3125 -7.03125
vt 7.265625 -7.03125
vt 8.046875 10.39063
vt 7.3125 10.39063
vt 7.34375 10.4375
vt 8.03125 10.40625
vt 7.375 -7.03125
vt 7.242188 10.3125
vt 7.710938 10.25
vt 7.75 -7.03125
vt 8 10.25
vt 7.59375 -7.03125
vt 8 10.34375
vt 7.59375 10.375
vt 8 10.375
vt 7.6875 10.25
vt 7.6875 10.3125
vt 7.75 -7
vt 7.65625 -7.03125
vt 8 10.3125
vt 7.65625 10.34375
vt 8 10.34375
vt 7.734375 10.34375
vt 7.734375 10.34375
vt 7.71875 10.34375
vt 7.6875 10.34375
vt 7.6875 -7.046875
vt 7.75 10.3125
vt 7.65625 -7.03125
vt 7.65625 10.4375
vt 8.03125 10.4375
vt 7.75 10.40625
vt 7.6875 10.375
vt 8.03125 10.39063
vt 7.71875 10.4375
vt 8.03125 10.39063
vt 8.046875 10.39063
vt 7.734375 10.39063
vt 7.625 -7.03125
vt 7.78125 -7.03125
vt 8.03125 10.40625
vt 8.03125 10.3125
vt 7.96875 9.59375
vt 7.207031 -6.96875
vt 8 9.59375
vt 7.152344 -6.96875
vt 7.96875 9.59375
vt 7.152344 -7
vt 7.203125 9.625
vt 7.203125 9.625
vt 7.257813 10
vt 7.96875 9.59375
vt 7.792969 9.59375
vt 7.847656 9.59375
vt 7.96875 9.59375
vt 8 9.59375
vt 7.796875 -6.984375
vt 7.796875 9.625
vt 7.96875 10
vt 7.28125 10.25
vt 7.3125 10.25
vt 8 10.25
vt 7.21875 -7
vt 7.96875 10.3125
vt 7.21875 10.3125
vt 7.25 -6.96875
vt 7.25 10.40625
vt 7.25 -7
vt 7.96875 10.40625
vt 7.21875 -6.96875
vt 7.96875 10.375
vt 7.25 10.375
vt 8 10.4375
vt 7.25 -6.96875
vt 7.25 10.4375
vt 7.96875 10.375
vt 7.304688 -6.96875
vt 7.34375 -6.96875
vt 7.96875 10.4375
vt 7.96875 10.40625
vt 7.34375 -6.96875
vt 7.34375 -7
vt 8 10.40625
vt 7.242188 10.3125
vt 7.6875 -7
vt 8 10.25
vt 7.71875 -7
vt 7.65625 -6.96875
vt 7.65625 10.40625
vt 7.65625 -6.96875
vt 7.65625 10.4375
vt 7.75 -6.96875
vt 7.96875 10.4375
vt 7.96875 10.375
vt 7.75 -6.96875
vt 7.75 -7
vt 8 10.40625
vt 7.695313 -6.96875
vt 7.695313 10.375
vt 8 10.3125
vt 7.75 10.3125
vt 7.78125 -6.96875
vt 7.96875 10.3125
vt 7.78125 10.40625
vt 7.78125 -6.96875
vt 7.75 -6.96875
vt 7.96875 10.3125
vt 7.375 -7
vt 7.375 -7
vt 7.625 -7
vt 7.625 -7
vt 7.6875 10.3125
vt 7.6875 -7
vt 7.3125 -7
vt 8 10.3125
vt 8.03125 9.59375
vt 7.207031 9.59375
vt 7.152344 -7.03125
vt 8.03125 9.59375
vt 7.203125 10
vt 8.03125 10
vt 8.03125 9.59375
vt 7.847656 9.59375
vt 7.792969 -7.03125
vt 8.03125 9.59375
vt 7.25 -7.03125
vt 7.289063 10.25
vt 7.21875 -7.03125
vt 7.21875 10.3125
vt 7.25 10.3125
vt 7.25 -7.03125
vt 7.25 10.40625
vt 8.03125 10.40625
vt 7.21875 -7.03125
vt 7.3125 -7.03125
vt 7.3125 10.3125
vt 8.03125 10.25
vt 7.3125 10.25
vt 7.3125 -7.046875
vt 8.046875 10.34375
vt 7.3125 -7.03125
vt 7.3125 10.34375
vt 7.28125 10.34375
vt 7.28125 -7.03125
vt 7.265625 10.34375
vt 8.03125 10.34375
vt 7.265625 10.34375
vt 8.046875 10.34375
vt 7.34375 -7
vt 8 10.3125
vt 7.34375 -7.03125
vt 7.34375 10.34375
vt 7.34375 -7.03125
vt 7.34375 10.3125
vt 8 10.34375
vt 7.40625 10.375
vt 8.03125 10.375
vt 7.40625 10.375
vt 7.40625 -7.03125
vt 8.03125 10.34375
vt 8.03125 10.4375
vt 7.25 -7.03125
vt 7.3125 10.375
vt 7.3125 10.375
vt 7.3125 10.39063
vt 8.03125 10.39063
vt 8.03125 10.39063
vt 7.265625 10.39063
vt 7.265625 -7.046875
vt 8.046875 10.39063
vt 7.3125 -7.046875
vt 7.34375 -7.03125
vt 8.03125 10.4375
vt 7.34375 10.40625
vt 7.34375 -7.03125
vt 7.375 10.375
vt 8.03125 10.3125
vt 8.03125 10.25
vt 7.75 10.25
vt 7.59375 10.34375
vt 8.03125 10.34375
vt 7.59375 -7
vt 8.03125 10.375
vt 7.59375 10.375
vt 7.59375 -7.03125
vt 7.6875 -7.03125
vt 8.03125 10.25
vt 8.03125 10.3125
vt 7.6875 -7.03125
vt 7.65625 10.3125
vt 8.03125 10.3125
vt 7.65625 -7
vt 7.65625 -7.03125
vt 8.03125 10.34375
vt 7.65625 -7
vt 7.734375 -7.046875
vt 8.046875 10.34375
vt 8.03125 10.34375
vt 7.734375 -7.03125
vt 7.71875 -7.03125
vt 7.71875 10.34375
vt 7.6875 -7.03125
vt 8.03125 10.34375
vt 7.6875 10.34375
vt 8.046875 10.34375
vt 7.75 -7.03125
vt 7.65625 10.40625
vt 8.03125 10.40625
vt 8.03125 10.4375
vt 7.65625 -7.03125
vt 7.75 -7.03125
vt 7.75 10.4375
vt 8.03125 10.40625
vt 7.75 -7.03125
vt 7.6875 10.375
vt 8.03125 10.375
vt 7.6875 10.39063
vt 7.6875 -7.03125
vt 7.71875 -7.03125
vt 7.734375 -7.03125
vt 7.6875 10.39063
vt 7.6875 -7.046875
vt 8.046875 10.39063
vt 7.734375 -7.046875
vt 7.625 10.375
vt 8.03125 10.3125
vt 7.78125 10.3125
vt 7.78125 -7.03125
vt 7.78125 10.40625
vt 7.757813 10.3125
f 125/300/295 124/299/294 123/296/291
f 1/1/1 3/3/3 2/143/143
f 3/3/3 4/145/4 2/143/143
f 4/4/4 5/146/144 2/144/143
f 4/4/4 6/148/146 5/146/144
f 9/9/9 8/149/147 7/7/7
f 130/310/305 135/319/314 55/196/193
f 120/292/287 117/289/284 119/119/119
f 79/79/79 82/233/228 35/169/166
f 106/275/270 51/188/185 45/45/45
f 89/248/243 103/103/103 102/267/262
f 13/13/13 12/12/12 11/11/11
f 85/85/85 103/268/263 89/247/242
f 88/245/240 87/243/238 81/232/227
f 110/279/274 75/75/75 142/330/325
f 73/73/73 77/227/222 76/76/76
f 46/184/181 15/151/149 5/5/5
f 120/292/287 68/213/210 117/289/284
f 15/151/149 2/2/2 5/5/5
f 85/85/85 104/104/104 103/268/263
f 12/12/12 9/9/9 16/16/16
f 121/294/289 122/122/122 120/120/120
f 100/100/100 101/266/261 104/270/265
f 10/150/148 14/14/14 17/17/17
f 87/243/238 98/98/98 81/232/227
f 6/6/6 46/46/46 5/147/145
f 103/269/264 104/271/266 101/101/101
f 1/1/1 2/143/143 15/15/15
f 92/252/247 97/97/97 96/256/251
f 76/76/76 80/230/225 108/108/108
f 75/75/75 110/279/274 109/109/109
f 19/19/19 20/20/20 18/152/18
f 22/22/22 18/18/18 21/21/21
f 72/220/216 76/76/76 108/108/108
f 96/256/251 107/276/271 86/242/237
f 76/76/76 83/236/231 80/230/225
f 107/276/271 96/258/253 129/307/302
f 139/325/320 121/121/121 129/307/302
f 137/322/317 136/320/315 134/318/313
f 47/185/182 110/110/110 116/286/281
f 26/26/26 23/23/23 25/25/25
f 117/288/283 47/186/183 116/287/282
f 96/256/251 86/242/237 92/252/247
f 96/96/96 107/107/107 66/209/206
f 87/87/87 88/245/240 80/230/225
f 72/72/72 108/277/272 46/46/46
f 27/27/27 21/154/151 18/153/150
f 110/279/274 128/128/128 124/124/124
f 114/283/278 115/115/115 113/113/113
f 140/327/322 132/132/132 124/124/124
f 89/248/243 102/267/262 88/246/241
f 117/288/283 68/68/68 47/186/183
f 107/276/271 100/264/259 86/242/237
f 139/139/139 114/285/280 66/209/206
f 20/20/20 27/159/156 18/152/18
f 20/20/20 58/58/58 27/159/156
f 92/92/92 93/93/93 91/250/245
f 69/214/211 93/253/248 83/235/230
f 83/83/83 84/237/232 29/162/159
f 8/8/8 23/157/154 24/24/24
f 135/319/314 131/311/306 55/196/193
f 83/83/83 29/162/159 69/215/212
f 24/24/24 10/10/10 8/8/8
f 114/114/114 139/325/320 129/307/302
f 13/13/13 37/37/37 25/25/25
f 12/12/12 13/13/13 25/25/25
f 9/9/9 12/12/12 25/25/25
f 25/25/25 8/149/147 9/9/9
f 28/28/28 84/84/84 76/226/221
f 60/60/60 59/59/59 140/140/140
f 124/124/124 135/135/135 125/125/125
f 35/170/167 82/234/229 81/231/226
f 129/307/302 100/264/259 107/276/271
f 140/327/322 141/329/324 132/132/132
f 25/25/25 23/23/23 8/149/147
f 130/309/304 51/51/51 129/308/303
f 106/275/270 129/129/129 51/188/185
f 14/14/14 10/150/148 24/158/155
f 142/330/325 128/128/128 110/279/274
f 48/187/184 118/118/118 110/110/110
f 69/214/211 91/91/91 93/253/248
f 29/161/158 14/14/14 24/158/155
f 127/305/300 137/137/137 134/134/134
f 30/163/160 80/80/80 79/228/223
f 121/293/288 113/282/277 122/295/290
f 114/285/280 96/96/96 66/209/206
f 96/258/253 114/114/114 129/307/302
f 24/158/155 49/49/49 29/161/158
f 103/269/264 101/101/101 102/102/102
f 105/273/268 106/106/106 45/183/180
f 131/131/131 57/197/194 55/55/55
f 83/236/231 93/254/249 92/252/247
f 123/296/291 127/127/127 126/302/297
f 75/225/220 109/278/273 111/111/111
f 125/125/125 135/135/135 134/317/312
f 117/117/117 116/116/116 110/279/274
f 29/161/158 28/160/157 14/14/14
f 133/316/311 126/303/298 127/305/300
f 139/325/320 114/284/279 112/280/275
f 100/263/258 101/265/260 98/98/98
f 114/283/278 113/113/113 112/281/276
f 123/296/291 126/302/297 125/300/295
f 31/31/31 80/80/80 30/163/160
f 31/31/31 32/166/163 80/80/80
f 35/170/167 34/168/165 33/33/33
f 110/279/274 126/126/126 117/117/117
f 33/167/164 31/165/162 35/35/35
f 36/172/169 32/32/32 31/165/162
f 33/167/164 36/172/169 31/165/162
f 30/30/30 35/169/166 31/164/161
f 125/301/296 126/126/126 110/279/274
f 126/126/126 133/133/133 130/130/130
f 117/117/117 126/126/126 130/130/130
f 36/171/168 38/38/38 34/34/34
f 34/34/34 39/173/170 36/171/168
f 39/173/170 40/40/40 36/171/168
f 42/42/42 36/172/169 40/175/172
f 41/41/41 36/172/169 42/42/42
f 79/79/79 35/169/166 30/30/30
f 42/42/42 43/43/43 41/41/41
f 44/44/44 43/180/177 42/179/176
f 44/44/44 45/183/180 43/180/177
f 98/261/256 34/34/34 81/81/81
f 85/239/234 88/88/88 87/244/239
f 42/178/175 40/174/171 39/39/39
f 98/261/256 39/173/170 34/34/34
f 39/39/39 44/182/179 42/178/175
f 137/322/317 138/324/319 136/320/315
f 73/73/73 76/76/76 72/220/216
f 124/124/124 132/132/132 135/135/135
f 134/317/312 135/135/135 130/130/130
f 133/133/133 134/317/312 130/130/130
f 121/121/121 139/325/320 112/280/275
f 35/170/167 81/231/226 34/168/165
f 105/273/268 45/183/180 44/44/44
f 98/262/257 105/272/267 44/182/179
f 15/151/149 46/184/181 32/32/32
f 32/32/32 36/172/169 15/151/149
f 36/172/169 41/41/41 15/151/149
f 1/1/1 15/15/15 41/176/173
f 106/274/269 98/98/98 101/265/260
f 97/259/254 90/249/244 95/95/95
f 87/243/238 99/99/99 98/98/98
f 28/28/28 29/29/29 84/84/84
f 121/294/289 120/120/120 119/291/286
f 98/262/257 44/182/179 39/39/39
f 47/185/182 48/187/184 110/110/110
f 77/77/77 73/221/217 78/78/78
f 141/141/141 140/326/321 59/200/197
f 49/49/49 48/48/48 47/47/47
f 29/161/158 49/49/49 47/47/47
f 121/293/288 112/112/112 113/282/277
f 97/259/254 92/251/246 90/249/244
f 98/98/98 106/274/269 105/105/105
f 139/139/139 66/209/206 67/211/208
f 80/230/225 82/82/82 79/229/224
f 104/270/265 85/240/235 86/86/86
f 131/131/131 132/313/308 57/197/194
f 130/309/304 52/52/52 51/51/51
f 53/53/53 51/189/186 52/191/188
f 86/242/237 87/87/87 80/230/225
f 55/55/55 54/194/191 53/193/190
f 57/197/194 56/56/56 54/194/191
f 55/55/55 57/197/194 54/194/191
f 96/257/252 95/255/250 94/94/94
f 53/53/53 58/199/196 51/189/186
f 92/92/92 91/250/245 90/90/90
f 53/53/53 54/54/54 58/199/196
f 53/192/189 52/190/187 130/310/305
f 96/257/252 97/260/255 95/255/250
f 130/310/305 55/196/193 53/192/189
f 121/121/121 119/290/285 117/117/117
f 60/60/60 61/202/199 59/59/59
f 63/206/203 141/328/323 62/205/202
f 63/206/203 57/57/57 141/328/323
f 54/54/54 63/63/63 62/204/201
f 62/204/201 60/201/198 54/54/54
f 62/204/201 61/61/61 60/201/198
f 141/141/141 61/203/200 62/62/62
f 141/141/141 59/200/197 61/203/200
f 104/270/265 86/86/86 100/100/100
f 57/57/57 132/314/309 141/328/323
f 129/307/302 121/121/121 117/117/117
f 117/117/117 130/130/130 129/307/302
f 123/123/123 138/138/138 137/321/316
f 92/252/247 80/230/225 83/236/231
f 60/201/198 27/27/27 58/199/196
f 58/199/196 54/54/54 60/201/198
f 64/64/64 27/27/27 60/201/198
f 64/64/64 21/154/151 27/27/27
f 101/265/260 100/264/259 129/307/302
f 88/245/240 81/232/227 82/82/82
f 142/142/142 21/155/152 64/207/204
f 124/124/124 125/301/296 110/279/274
f 58/198/195 54/195/192 67/210/207
f 85/239/234 89/89/89 88/88/88
f 41/177/174 58/198/195 67/210/207
f 80/230/225 88/245/240 82/82/82
f 67/210/207 36/36/36 41/177/174
f 66/208/205 65/65/65 36/36/36
f 67/210/207 66/208/205 36/36/36
f 76/76/76 84/238/233 83/236/231
f 45/45/45 51/188/185 43/181/178
f 134/317/312 133/315/310 125/125/125
f 132/132/132 131/312/307 135/135/135
f 123/123/123 137/321/316 127/304/299
f 124/124/124 128/128/128 140/327/322
f 37/37/37 50/50/50 25/25/25
f 138/323/318 124/298/293 136/136/136
f 47/47/47 68/212/209 29/161/158
f 127/305/300 134/134/134 133/316/311
f 68/212/209 69/69/69 29/161/158
f 68/212/209 66/66/66 69/69/69
f 68/212/209 67/67/67 66/66/66
f 43/43/43 58/199/196 41/41/41
f 92/252/247 86/242/237 80/230/225
f 43/43/43 51/189/186 58/199/196
f 87/244/239 86/241/236 85/239/234
f 70/70/70 6/148/146 4/4/4
f 70/70/70 71/218/214 6/148/146
f 70/217/213 72/220/216 71/71/71
f 70/217/213 73/73/73 72/220/216
f 71/219/215 46/46/46 6/6/6
f 71/219/215 72/72/72 46/46/46
f 3/3/3 78/78/78 73/221/217
f 73/221/217 4/145/4 3/3/3
f 73/221/217 70/216/70 4/145/4
f 74/74/74 18/18/18 22/22/22
f 74/74/74 75/224/220 18/18/18
f 60/60/60 140/140/140 128/306/301
f 142/142/142 74/222/218 22/156/153
f 74/223/219 142/330/325 75/75/75
f 19/19/19 18/152/18 75/225/220
f 129/307/302 106/274/269 101/265/260
f 138/323/318 123/297/292 124/298/293
f 142/142/142 22/156/153 21/155/152
f 19/19/19 75/225/220 111/111/111
f 100/263/258 98/98/98 99/99/99
