v -27.99583 -8.877786 -28.0986
v -27.99583 -8.877786 -20.0986
v -27.56004 -13.80094 -28.0986
v -27.56004 -13.80094 -20.0986
v 1.920975 -3.286524 -1.025352
v 1.920975 -3.286524 0.974648
v 2.949258 -5.430287 -1.025352
v 2.949258 -5.430287 0.974648
v 7.423017 -3.284389 -1.025352
v 7.423017 -3.284389 0.974648
v 6.394733 -1.140626 -1.025352
v 6.394733 -1.140626 0.974648
v 8.631616 -0.067677 -5.025352
v 9.6599 -2.21144 -5.025352
v 10.86849 1.005272 -5.025352
v 11.89678 -1.138491 -5.025352
v 11.89678 -1.138491 4.974648
v 9.6599 -2.21144 4.974648
v 10.86849 1.005272 4.974648
v 8.631616 -0.067677 4.974648
v 6.394733 -1.140626 -5.025352
v 7.423017 -3.284389 -5.025352
v 7.423017 -3.284389 4.974648
v 6.394733 -1.140626 4.974648
v 13.10537 2.078221 -5.025352
v 14.13366 -0.065542 -5.025352
v 17.57913 4.224119 -5.025352
v 18.60742 2.080357 -5.025352
v 25.31806 5.299203 -2.025352
v 24.28977 7.442965 -2.025352
v 18.60742 2.080357 4.974648
v 14.13366 -0.065542 4.974648
v 17.57913 4.224119 4.974648
v 13.10537 2.078221 4.974648
v 25.31806 5.299203 1.974648
v 24.28977 7.442965 1.974648
v -4.447763 0.497684 -24.90508
v -3.596914 -9.150885 -24.90508
v 3.506862 1.529722 -24.90508
v 4.357711 -8.118847 -24.90508
v -3.575175 -9.283571 -24.90508
v 4.379448 -8.251533 -16.60339
v -3.787888 -6.871429 -24.90508
v 4.166735 -5.839391 -16.60339
v -3.575175 -9.283571 -8.301692
v -3.787888 -6.871429 -8.301692
v 4.379448 -8.251533 -0
v 4.166735 -5.839391 -0
v -3.575175 -9.283571 8.301692
v -3.787888 -6.871429 8.301692
v 0.524093 -5.191624 -28.0986
v 0.959889 -10.11478 -28.0986
v 0.959889 -10.11478 -20.0986
v 0.524093 -5.191624 -20.0986
v 4.357711 -8.118847 24.90508
v -3.596914 -9.150885 24.90508
v 3.506862 1.529722 24.90508
v -4.447763 0.497684 24.90508
v 4.379448 -8.251533 16.60339
v 4.166735 -5.839391 16.60339
v -3.575175 -9.283571 24.90508
v -3.787888 -6.871429 24.90508
v -27.99583 -8.877785 20.12112
v -27.99583 -8.877785 28.12112
v -27.56004 -13.80094 20.12112
v -27.56004 -13.80094 28.12112
v 0.524093 -5.191623 20.12112
v 0.959889 -10.11478 20.12112
v 0.959889 -10.11478 28.12112
v 0.524093 -5.191623 28.12112
v 1.920975 -3.286524 -1.025352
v 1.920975 -3.286524 0.974648
v 2.949258 -5.430287 -1.025352
v 2.949258 -5.430287 0.974648
v 7.42302 -3.284388 -1.025352
v 7.42302 -3.284388 0.974648
v 6.394733 -1.140626 -1.025352
v 6.394733 -1.140626 0.974648
v 8.631616 -0.067677 -5.025352
v 9.6599 -2.21144 -5.025352
v 10.86849 1.005272 -5.025352
v 11.89678 -1.138491 -5.025352
v 11.89678 -1.138491 4.974649
v 9.6599 -2.21144 4.974649
v 10.86849 1.005272 4.974649
v 8.631616 -0.067677 4.974649
v 6.394733 -1.140626 -5.025352
v 7.42302 -3.284388 -5.025352
v 7.42302 -3.284388 4.974649
v 6.394733 -1.140626 4.974649
v 13.10537 2.078221 -5.025352
v 14.13366 -0.065542 -5.025352
v 17.57913 4.224119 -5.025352
v 18.60742 2.080357 -5.025352
v 25.31806 5.299203 -2.025352
v 24.28977 7.442965 -2.025352
v 18.60742 2.080355 4.974649
v 14.13366 -0.065542 4.974649
v 17.57913 4.224119 4.974649
v 13.10537 2.078221 4.974649
v 25.31806 5.299203 1.974648
v 24.28977 7.442965 1.974649
v 1.596539 -1.783251 -16.85002
v 1.965475 -1.365289 -14.92929
v 3.247346 -3.493481 -16.79495
v 3.616285 -3.075519 -14.87422
v 6.698932 -0.2062 -18.17327
v 7.067872 0.211763 -16.25255
v 5.048123 1.504029 -18.22834
v 5.417059 1.921992 -16.30761
v 6.036039 2.311745 -22.75895
v 7.686848 0.601515 -22.70389
v 7.761832 3.955386 -23.44811
v 9.412637 2.245155 -23.39305
v 11.25733 4.334966 -13.78941
v 9.531535 2.691327 -13.10025
v 9.606519 6.045196 -13.84448
v 7.880729 4.401557 -13.15532
v 4.310246 0.668104 -22.06979
v 5.961055 -1.042125 -22.01473
v 7.805746 1.047686 -12.41109
v 6.154936 2.757916 -12.46616
v 9.487621 5.599025 -24.13728
v 11.13843 3.888795 -24.08221
v 12.9392 8.886306 -25.51559
v 14.59001 7.176075 -25.46053
v 20.32079 12.73394 -24.64692
v 18.66998 14.44417 -24.70199
v 16.4347 9.265888 -15.8569
v 12.98312 5.978606 -14.47857
v 14.78389 10.97612 -15.91196
v 11.33231 7.688836 -14.53364
v 21.05867 13.56986 -20.80547
v 19.40786 15.28009 -20.86053
v 2.169417 -2.272687 14.96367
v 1.880126 -2.82959 16.86267
v 3.839483 -3.948336 14.72669
v 3.550192 -4.505238 16.62568
v 7.297457 -0.710667 16.20296
v 7.008165 -1.26757 18.10195
v 5.627382 0.964978 16.43995
v 5.338093 0.408076 18.33894
v 7.934955 3.697618 13.3801
v 9.605023 2.02197 13.14311
v 9.663938 5.316451 14.11823
v 11.33401 3.640803 13.88124
v 9.88755 0.856289 23.3762
v 8.158567 -0.762543 22.63807
v 8.217483 2.531938 23.61319
v 6.488499 0.913105 22.87506
v 6.205967 2.078784 12.64196
v 7.876039 0.403138 12.40497
v 6.429583 -2.381375 21.89993
v 4.759512 -0.70573 22.13692
v 11.39292 6.935282 14.85637
v 13.06299 5.259636 14.61938
v 14.85089 10.17295 16.33264
v 16.52096 8.497303 16.09565
v 21.27398 12.51845 21.15854
v 19.60391 14.19409 21.39553
v 15.07451 5.71279 25.59061
v 11.61653 2.475122 24.11434
v 13.40443 7.388436 25.82759
v 9.94647 4.15077 24.35132
v 20.69539 11.40464 24.95652
v 19.02533 13.08029 25.19351
v -0.25946 -7.13714 24.97091
v -2.247178 -6.929167 25.04655
v -0.181846 -7.258589 27.34416
v -2.169566 -7.050617 27.41981
v 0.342749 -2.330205 27.57921
v -1.644969 -2.122232 27.65486
v 0.265136 -2.208759 25.20596
v -1.722582 -2.000786 25.2816
v 4.502872 -0.16051 25.17219
v 4.580483 -0.281959 27.54544
v 4.76517 2.30368 25.28971
v 4.842781 2.182231 27.66296
v -5.095811 3.222094 28.0412
v -5.358109 0.757904 27.92368
v -5.173422 3.343543 25.66795
v -5.43572 0.879353 25.55043
v 4.240574 -2.624704 25.05466
v 4.318185 -2.74615 27.42791
v -5.620406 -1.706288 27.80615
v -5.69802 -1.584841 25.4329
v 5.027467 4.767872 25.40724
v 5.105079 4.646422 27.78049
v 5.552063 9.696253 25.64229
v 5.629675 9.574805 28.01554
v 3.434991 17.27934 28.48158
v 3.357379 17.40079 26.10834
v -4.308915 10.61467 28.39378
v -4.833513 5.686285 28.15873
v -4.38653 10.73611 26.02052
v -4.911125 5.807734 25.78548
v -0.540443 17.69528 28.63288
v -0.618057 17.81673 26.25963
v -0.25946 -7.13714 24.97091
v -2.247178 -6.929167 25.04655
v -0.181846 -7.258589 27.34416
v -2.169566 -7.050617 27.41981
v 0.342749 -2.330205 27.57921
v -1.644969 -2.122232 27.65486
v 0.265136 -2.208759 25.20596
v -1.722582 -2.000786 25.2816
v 4.502872 -0.16051 25.17219
v 4.580483 -0.281959 27.54544
v 4.76517 2.30368 25.28971
v 4.842781 2.182231 27.66296
v -5.095811 3.222094 28.0412
v -5.358109 0.757904 27.92368
v -5.173424 3.343543 25.66795
v -5.43572 0.879353 25.55043
v 4.240574 -2.624704 25.05466
v 4.318185 -2.74615 27.42791
v -5.620406 -1.706288 27.80615
v -5.69802 -1.584841 25.4329
v 5.027467 4.767872 25.40724
v 5.105079 4.646422 27.78049
v 5.552063 9.696253 25.64229
v 5.629675 9.574805 28.01554
v 3.434991 17.27934 28.48158
v 3.357379 17.40079 26.10834
v -4.308917 10.61467 28.39378
v -4.833513 5.686285 28.15873
v -4.38653 10.73611 26.02052
v -4.911126 5.807734 25.78548
v -0.540445 17.69528 28.63288
v -0.618057 17.81673 26.25963
v -1.18597 -7.056476 -27.31057
v -3.174247 -6.843277 -27.27454
v -1.132127 -6.955692 -24.9357
v -3.120406 -6.742493 -24.89967
v -0.607601 -2.026653 -25.15677
v -2.595878 -1.813454 -25.12074
v -0.661444 -2.127441 -27.53164
v -2.649721 -1.914241 -27.49561
v 3.577375 -0.089318 -27.71424
v 3.631214 0.011466 -25.33936
v 3.83964 2.375199 -27.82477
v 3.893477 2.475983 -25.4499
v -6.047909 3.541981 -25.26975
v -6.310172 1.077463 -25.15921
v -6.10175 3.441197 -27.64462
v -6.364013 0.97668 -27.53409
v 3.315112 -2.553839 -27.6037
v 3.368953 -2.453052 -25.22883
v -6.572435 -1.387055 -25.04868
v -6.626277 -1.487843 -27.42356
v 4.101902 4.839718 -27.9353
v 4.15574 4.9405 -25.56043
v 4.626428 9.768753 -28.15638
v 4.680266 9.869539 -25.7815
v 2.484638 17.58289 -26.05906
v 2.4308 17.48211 -28.43394
v -5.26112 10.93554 -25.60135
v -5.785646 6.0065 -25.38028
v -5.314961 10.83475 -27.97623
v -5.839487 5.905714 -27.75516
v -1.491915 18.00929 -25.987
v -1.545756 17.90851 -28.36188
v -1.18597 -7.056476 -27.31057
v -3.174247 -6.843277 -27.27454
v -1.132127 -6.955692 -24.9357
v -3.120406 -6.742493 -24.89967
v -0.607601 -2.026653 -25.15677
v -2.595878 -1.813454 -25.12074
v -0.661444 -2.127441 -27.53164
v -2.649721 -1.914241 -27.49561
v 3.577375 -0.089319 -27.71424
v 3.631214 0.011466 -25.33936
v 3.83964 2.375199 -27.82477
v 3.893477 2.475982 -25.4499
v -6.047909 3.541981 -25.26975
v -6.310172 1.077463 -25.15921
v -6.10175 3.441197 -27.64462
v -6.364013 0.97668 -27.53409
v 3.315112 -2.553839 -27.6037
v 3.368953 -2.453052 -25.22883
v -6.572435 -1.387055 -25.04868
v -6.626277 -1.487843 -27.42356
v 4.101903 4.839717 -27.9353
v 4.15574 4.9405 -25.56043
v 4.626428 9.768753 -28.15638
v 4.680269 9.869539 -25.7815
v 2.484638 17.58289 -26.05906
v 2.4308 17.48211 -28.43394
v -5.26112 10.93554 -25.60135
v -5.785646 6.0065 -25.38028
v -5.314963 10.83475 -27.97623
v -5.839489 5.905714 -27.75516
v -1.491915 18.00929 -25.987
v -1.545756 17.90851 -28.36188
vn -0.7794649 0.6264459 0
vn -0.7794649 0.6264459 0
vn -0.996105 -0.088175 0
vn 0.128182 -0.991751 -0
vn -0.432485 0.901641 0
vn -0.4324851 0.9016411 0
vn -0.9016417 -0.4324839 0
vn 0.432484 -0.901641 0
vn 0.4324838 -0.9016416 0
vn 0.4324839 -0.9016417 0
vn 0 -0 -1
vn -0.901642 -0.432484 0
vn 0 0 -1
vn 0 0 -1
vn 0 0 -1
vn 0 0 -1
vn 0.4324842 -0.9016415 0
vn 0 0 1
vn 0 0 1
vn -0.4324839 0.9016417 0
vn 0 0 -1
vn 0.432484 -0.901642 0
vn 0 0 1
vn -0.432484 0.901642 0
vn 0 0 -1
vn 0 0 -1
vn 0.171681 0.08234898 -0.9817048
vn 0.4324843 -0.9016415 0
vn 0.4324843 -0.9016415 0
vn 0.839817 0.402828 -0.363919
vn 0.2284309 0.10957 0.9673746
vn 0.4324843 -0.9016415 0
vn -0.432484 0.901641 -1e-06
vn -0.4324842 0.9016415 0
vn 0.432484 -0.901641 -0
vn 0.618299 0.296575 0.727839
vn -0.55158 0.8341219 0
vn -0.9961343 -0.08784303 0
vn 0 0 -1
vn 0.55158 -0.8341219 0
vn 0.5890964 -0.6470565 -0.4840284
vn 0.9065404 -0.3191082 -0.2763231
vn 0.7166592 0.06319802 -0.6945542
vn 0.9482449 0.08361999 0.306332
vn 0.781231 -0.582128 0.2254
vn -0.7795122 0.6263872 0
vn 0.9065404 -0.3191082 -0.2763231
vn 0.9482449 0.08361999 0.306332
vn 0.7812308 -0.5821279 0.2254009
vn -0.9333072 0.3590791 0
vn 0 0 -1
vn 0.9333656 -0.3589272 0
vn 0.5513188 -0.8342947 0
vn -0.1281819 0.9917507 0
vn 0.9333071 -0.359079 0
vn 0 0 1
vn 0.996134 0.087843 -0
vn -0.9333071 0.359079 0
vn 0.9065404 -0.3191082 -0.2763231
vn 0.9482449 0.08361999 0.306332
vn 0.6904298 -0.3824789 0.6140168
vn -0.9333071 0.359079 0
vn -0.7794649 0.6264459 0
vn -0.7794649 0.6264459 0
vn -0.996105 -0.088175 0
vn 0.128182 -0.991751 0
vn 0 0 -1
vn 0.9333656 -0.3589272 0
vn 0.5513188 -0.8342947 0
vn -0.1281819 0.9917507 0
vn -0.432485 0.901641 0
vn -0.4324851 0.9016411 0
vn -0.9016417 -0.4324839 0
vn 0.432484 -0.901642 -0
vn 0.4324838 -0.9016416 0
vn 0.4324839 -0.9016417 0
vn 0 -0 -1
vn -0.901641 -0.432485 -0
vn 0 0 -1
vn 0 0 -1
vn 0 0 -1
vn 0 0 -1
vn 0.4324842 -0.9016415 0
vn 0 0 1
vn 0 0 1
vn -0.4324839 0.9016417 0
vn 0 -0 -1
vn 0.432484 -0.901641 0
vn 0 0 1
vn -0.432484 0.901642 0
vn 0 0 -1
vn 0 0 -1
vn 0.171681 0.08234898 -0.9817048
vn 0.4324843 -0.9016415 0
vn 0.4324843 -0.9016415 0
vn 0.839817 0.402828 -0.363919
vn 0.2284309 0.10957 0.9673746
vn 0.4324839 -0.9016417 0
vn -0.432484 0.901641 -1e-06
vn -0.4324842 0.9016415 0
vn 0.432485 -0.901641 -0
vn 0.618299 0.296575 0.727839
vn -0.694311 0.719303 -0.02316
vn -0.6943107 0.7193027 -0.02315999
vn -0.6956322 -0.6625182 0.2777871
vn 0.69431 -0.719303 0.02316
vn 0.6943102 -0.7193031 0.02316
vn 0.6943102 -0.7193032 0.02316
vn -0.184469 -0.208981 -0.960364
vn -0.695631 -0.66252 0.277787
vn -0.1844689 -0.2089809 -0.9603636
vn -0.1844691 -0.2089811 -0.9603635
vn -0.1844691 -0.2089811 -0.9603635
vn -0.1844689 -0.2089809 -0.9603636
vn 0.6943107 -0.7193027 0.02315999
vn 0.1844689 0.2089809 0.9603636
vn 0.1844689 0.2089809 0.9603636
vn -0.6943101 0.7193031 -0.02316
vn -0.184468 -0.208981 -0.960364
vn 0.69431 -0.719303 0.02316
vn 0.1844689 0.2089809 0.9603636
vn -0.694311 0.719303 -0.02316
vn -0.1844689 -0.2089809 -0.9603636
vn -0.1844679 -0.2089809 -0.9603638
vn -0.04863899 -0.07900798 -0.9956868
vn 0.6943107 -0.7193027 0.02315999
vn 0.6943107 -0.7193027 0.02315999
vn 0.5808018 0.5410368 -0.6082338
vn 0.3546889 0.3700129 0.8586537
vn 0.6943112 -0.7193022 0.02316
vn -0.694312 0.719302 -0.023162
vn -0.6943112 0.7193022 -0.02316
vn 0.694311 -0.719303 0.02316
vn 0.6112922 0.6064252 0.5084982
vn -0.702412 0.704758 0.099674
vn -0.7024115 0.7047575 0.09967393
vn -0.6969197 -0.6525187 -0.2975269
vn 0.702411 -0.704758 -0.099674
vn 0.7024111 -0.704758 -0.09967401
vn 0.7024111 -0.704758 -0.09967402
vn 0.144646 0.278452 -0.949496
vn -0.696918 -0.65252 -0.297528
vn 0.144646 0.278451 -0.949496
vn 0.144646 0.278451 -0.949496
vn 0.144646 0.278451 -0.949496
vn 0.144645 0.278451 -0.9494961
vn 0.7024111 -0.704758 -0.09967401
vn -0.144645 -0.278452 0.9494959
vn -0.144645 -0.278452 0.9494959
vn -0.702411 0.704758 0.099674
vn 0.144645 0.278451 -0.949496
vn 0.702411 -0.704758 -0.099674
vn -0.144645 -0.278451 0.9494961
vn -0.702411 0.704758 0.099674
vn 0.144645 0.278452 -0.9494959
vn 0.144645 0.278452 -0.9494959
vn 0.2746989 0.3976029 -0.8754727
vn 0.7024111 -0.704758 -0.09967402
vn 0.7024111 -0.704758 -0.09967402
vn 0.701772 0.7091091 -0.06841401
vn 0.036638 -0.104051 0.9938969
vn 0.7024111 -0.704758 -0.09967402
vn -0.702411 0.704758 0.099671
vn -0.7024111 0.704758 0.099674
vn 0.702411 -0.704758 -0.099673
vn 0.3726329 0.2447959 0.8951087
vn -0.032643 0.05108 -0.998161
vn -0.032643 0.05108 -0.998161
vn -0.105727 -0.9932662 -0.04737201
vn 0.032644 -0.05108 0.998161
vn 0.032643 -0.05108 0.998161
vn 0.032643 -0.05108099 0.9981609
vn 0.993859 -0.103986 -0.037824
vn -0.105727 -0.993266 -0.04737
vn 0.9938593 -0.103986 -0.03782301
vn 0.9938593 -0.103986 -0.03782301
vn 0.9938593 -0.103986 -0.03782301
vn 0.9938593 -0.103986 -0.03782301
vn 0.032643 -0.05108 0.998161
vn -0.9938593 0.103986 0.03782301
vn -0.9938593 0.103986 0.03782301
vn -0.03264299 0.05108099 -0.9981608
vn 0.993859 -0.103986 -0.037823
vn 0.032643 -0.05108 0.998161
vn -0.9938592 0.103987 0.03782401
vn -0.032643 0.051081 -0.998161
vn 0.9938593 -0.103986 -0.03782301
vn 0.9938593 -0.103986 -0.03782301
vn 0.9958078 0.08704398 -0.02811099
vn 0.032643 -0.05108 0.998161
vn 0.032643 -0.05108 0.998161
vn 0.4601619 0.8873158 0.03035999
vn -0.9346482 0.3522381 0.04859201
vn 0.032643 -0.05108099 0.9981609
vn -0.032642 0.05108 -0.998161
vn -0.032643 0.05108 -0.998161
vn 0.032643 -0.05108 0.998161
vn -0.6508669 0.756816 0.060015
vn -0.032643 0.05108 -0.998161
vn -0.032643 0.05108 -0.998161
vn -0.105727 -0.9932662 -0.04737201
vn 0.032644 -0.05108 0.998161
vn 0.032643 -0.05108 0.998161
vn 0.032643 -0.05108099 0.9981609
vn 0.993859 -0.103986 -0.037824
vn -0.105727 -0.993266 -0.04737
vn 0.9938593 -0.103986 -0.03782301
vn 0.9938593 -0.103986 -0.03782301
vn 0.9938593 -0.103986 -0.03782301
vn 0.9938593 -0.103986 -0.03782301
vn 0.032643 -0.05108 0.998161
vn -0.9938593 0.103986 0.03782401
vn -0.9938593 0.103986 0.03782401
vn -0.03264299 0.05108099 -0.9981608
vn 0.993859 -0.103986 -0.037823
vn 0.032643 -0.05108 0.998161
vn -0.9938592 0.103987 0.03782401
vn -0.032643 0.051081 -0.998161
vn 0.9938593 -0.103986 -0.03782301
vn 0.9938593 -0.103986 -0.03782301
vn 0.9958078 0.08704398 -0.02811099
vn 0.032643 -0.05108 0.998161
vn 0.032643 -0.05108 0.998161
vn 0.4601619 0.8873158 0.03035999
vn -0.9346482 0.3522381 0.04859101
vn 0.032643 -0.05108 0.998161
vn -0.032642 0.05108 -0.998161
vn -0.032643 0.05108 -0.998161
vn 0.032643 -0.05108 0.998161
vn -0.6508669 0.756816 0.06001399
vn -0.022645 -0.04239 -0.998845
vn -0.02264599 -0.04238898 -0.9988445
vn -0.105713 -0.9933981 0.044554
vn 0.022645 0.042389 0.998845
vn 0.02264599 0.04238798 0.9988445
vn 0.02264599 0.04238898 0.9988445
vn 0.994139 -0.1066 -0.018015
vn -0.105713 -0.993398 0.044555
vn 0.9941388 -0.1066 -0.018014
vn 0.9941388 -0.1066 -0.018013
vn 0.9941388 -0.1066 -0.018013
vn 0.9941388 -0.1066 -0.018013
vn 0.02264499 0.04238898 0.9988445
vn -0.9941388 0.1066 0.018014
vn -0.9941388 0.1066 0.018014
vn -0.02264499 -0.04238898 -0.9988445
vn 0.994139 -0.106599 -0.018014
vn 0.022645 0.042389 0.998845
vn -0.9941388 0.1066 0.018015
vn -0.022645 -0.042388 -0.998845
vn 0.9941388 -0.1066 -0.018013
vn 0.9941388 -0.1066 -0.018013
vn 0.9960796 0.08450297 -0.02616699
vn 0.02264499 0.04238898 0.9988445
vn 0.02264499 0.04238898 0.9988445
vn 0.4602512 0.8864872 -0.04805401
vn -0.9349221 0.3548 0.006138001
vn 0.02264499 0.04238898 0.9988445
vn -0.022644 -0.042389 -0.998845
vn -0.02264499 -0.04238898 -0.9988445
vn 0.022645 0.042389 0.998845
vn -0.6510804 0.7588084 -0.01744201
vn -0.022645 -0.04239 -0.998845
vn -0.02264599 -0.04238898 -0.9988445
vn -0.105713 -0.9933981 0.044554
vn 0.022645 0.042389 0.998845
vn 0.02264599 0.04238798 0.9988445
vn 0.02264599 0.04238898 0.9988445
vn 0.994139 -0.1066 -0.018015
vn -0.105713 -0.993398 0.044555
vn 0.9941388 -0.1066 -0.018014
vn 0.9941388 -0.1066 -0.018013
vn 0.9941388 -0.1066 -0.018013
vn 0.9941388 -0.1066 -0.018013
vn 0.02264499 0.04238898 0.9988445
vn -0.9941388 0.1066 0.018014
vn -0.9941388 0.1066 0.018014
vn -0.02264499 -0.04238898 -0.9988445
vn 0.994139 -0.106599 -0.018014
vn 0.022645 0.042389 0.998845
vn -0.9941388 0.1066 0.018015
vn -0.022645 -0.042388 -0.998845
vn 0.9941388 -0.1066 -0.018013
vn 0.9941388 -0.1066 -0.018013
vn 0.9960796 0.08450297 -0.02616799
vn 0.02264499 0.04238898 0.9988445
vn 0.02264499 0.04238898 0.9988445
vn 0.4602512 0.8864872 -0.04805401
vn -0.9349221 0.3548 0.006139001
vn 0.02264499 0.04238898 0.9988445
vn -0.022644 -0.042389 -0.998845
vn -0.02264499 -0.04238898 -0.9988445
vn 0.022645 0.042389 0.998845
vn -0.6510804 0.7588084 -0.01744201
vn 0 0 -1
vn 0 -0 1
vn 0 0 -1
vn 0.1281819 -0.9917507 0
vn -0.996105 -0.088175 0
vn 0 0 1
vn 0 0 -1
vn -0.901642 -0.432484 0
vn -0.9016417 -0.4324839 0
vn 0 0 1
vn 0 -0 -1
vn 0.4324843 -0.9016415 0
vn -0.901642 -0.432484 -0
vn 0 0 1
vn 0 0 -1
vn -0.901642 -0.432484 -0
vn -0.9016417 -0.4324839 0
vn 0 -0 1
vn -0.4324839 0.9016417 0
vn -0.9016417 -0.4324839 0
vn 0 0 1
vn -0.4324838 0.9016416 0
vn -0.4324838 0.9016416 0
vn 0.4324839 -0.9016417 0
vn -0.4324842 0.9016415 0
vn 0.4324842 -0.9016415 0
vn 0 0 1
vn 0.4324838 -0.9016416 0
vn -0.4324842 0.9016415 0
vn 0 0 1
vn -0.4324839 0.9016417 0
vn -0.901642 -0.432484 0
vn -0.9016417 -0.4324839 0
vn 0 0 -1
vn 0.4324839 -0.9016417 0
vn -0.901642 -0.432484 -0
vn -0.9016417 -0.4324839 0
vn 0 0 1
vn -0.4324843 0.9016415 0
vn 0.4324843 -0.9016415 0
vn -0.4324843 0.9016415 0
vn 0.171681 0.08234898 -0.9817048
vn 0.618299 0.296575 -0.727839
vn -0.4324839 0.9016417 0
vn 0.4324839 -0.9016417 0
vn 0 0 1
vn 0.114216 0.05478501 0.9919442
vn 0 0 1
vn 0.8398166 0.4028279 0.3639199
vn -0.4324843 0.9016415 0
vn 0 -0 -1
vn 0 0 -1
vn 0.128662 -0.991688 0
vn -0.128662 0.991688 -0
vn 0.9961343 0.08784303 0
vn 0 -0 -1
vn -0.9961343 -0.08784304 0
vn -0.7795122 0.6263872 0
vn -0.128662 0.991688 0
vn -0.9961343 -0.08784303 0
vn 0.9482449 0.08361999 -0.306332
vn -0.128662 0.991688 0
vn -0.9961343 -0.08784303 0
vn -0.9333072 0.3590791 0
vn 0.948245 0.08362 -0.306332
vn -0.128182 0.991751 0
vn 0.996105 0.088175 0
vn 0 0 -1
vn 0 0 1
vn 0 0 1
vn 0.996105 0.088175 0
vn 0 -0 1
vn 0.1286621 -0.9916885 0
vn -0.996134 -0.087843 -0
vn -0.1286621 0.9916885 0
vn 0 0 1
vn 0 0 1
vn -0.128662 0.991688 0
vn -0.996134 -0.087843 0
vn 0.716659 0.063198 0.694554
vn 0 0 -1
vn 0 0 1
vn 0 -0 -1
vn 0.1281819 -0.9917507 0
vn -0.996105 -0.088175 0
vn 0 0 1
vn -0.128182 0.991751 0
vn 0.996105 0.088175 0
vn 0 -0 -1
vn 0 0 1
vn 0 0 1
vn 0.996105 0.088175 0
vn 0 0 -1
vn -0.901642 -0.432484 0
vn -0.9016417 -0.4324839 0
vn 0 0 1
vn 0 -0 -1
vn 0.4324839 -0.9016417 0
vn -0.901642 -0.432484 -0
vn 0 0 1
vn 0 0 -1
vn -0.901641 -0.432485 0
vn -0.9016411 -0.4324851 0
vn 0 -0 1
vn -0.4324839 0.9016417 0
vn -0.9016411 -0.4324851 0
vn 0 0 1
vn -0.4324838 0.9016416 0
vn -0.4324838 0.9016416 0
vn 0.4324842 -0.9016415 0
vn -0.4324842 0.9016415 0
vn 0.4324842 -0.9016415 0
vn 0 0 1
vn 0.4324842 -0.9016415 0
vn -0.4324842 0.9016415 0
vn 0 0 1
vn -0.4324839 0.9016417 0
vn -0.901641 -0.432485 -0
vn -0.9016411 -0.4324851 0
vn 0 0 -1
vn 0.4324843 -0.9016415 0
vn -0.901641 -0.432485 0
vn -0.9016411 -0.4324851 0
vn 0 -0 1
vn -0.4324843 0.9016415 0
vn 0.4324843 -0.9016415 0
vn -0.4324843 0.9016415 0
vn 0.171681 0.08234898 -0.9817048
vn 0.618299 0.296575 -0.727839
vn -0.4324843 0.9016415 0
vn 0.4324839 -0.9016417 0
vn 0 0 1
vn 0.114216 0.05478501 0.9919442
vn 0 0 1
vn 0.839817 0.402828 0.363919
vn -0.4324843 0.9016415 0
vn -0.1844689 -0.2089809 -0.9603636
vn -0.695632 -0.662518 0.277786
vn -0.6956322 -0.6625182 0.2777871
vn 0.184469 0.208981 0.960364
vn -0.184469 -0.208981 -0.960364
vn 0.6943102 -0.7193032 0.023159
vn -0.695632 -0.662519 0.277787
vn 0.1844689 0.2089809 0.9603636
vn -0.1844689 -0.2089809 -0.9603636
vn -0.695632 -0.662519 0.277787
vn -0.6956312 -0.6625192 0.2777871
vn 0.184469 0.208981 0.960364
vn -0.6943102 0.7193032 -0.02316
vn -0.6956317 -0.6625187 0.2777869
vn 0.1844689 0.2089809 0.9603636
vn -0.6943102 0.7193031 -0.02316
vn -0.6943107 0.7193027 -0.02315999
vn 0.6943107 -0.7193026 0.02315998
vn -0.6943107 0.7193027 -0.02315999
vn 0.6943107 -0.7193027 0.02315999
vn 0.1844689 0.2089809 0.9603636
vn 0.6943111 -0.7193022 0.02316
vn -0.6943107 0.7193027 -0.02315999
vn 0.1844689 0.2089809 0.9603636
vn -0.6943107 0.7193027 -0.02315999
vn -0.695632 -0.662519 0.277787
vn -0.6956317 -0.6625187 0.2777869
vn -0.1844689 -0.2089809 -0.9603636
vn 0.6943112 -0.7193022 0.02316
vn -0.695632 -0.662519 0.277786
vn -0.6956312 -0.6625192 0.2777871
vn 0.184469 0.208981 0.960364
vn -0.6943112 0.7193022 -0.02316
vn 0.6943107 -0.7193027 0.02315999
vn -0.6943107 0.7193027 -0.02315999
vn -0.04863899 -0.07900798 -0.9956868
vn 0.3427649 0.3022159 -0.8894817
vn -0.6943107 0.7193027 -0.02315999
vn 0.6943107 -0.7193027 0.02315999
vn 0.1844689 0.2089809 0.9603636
vn 0.2711022 0.2912222 0.9174384
vn 0.1844689 0.2089809 0.9603636
vn 0.7150648 0.6931419 0.09075598
vn -0.6943112 0.7193022 -0.02316101
vn 0.144646 0.278451 -0.949496
vn -0.69692 -0.652519 -0.297527
vn -0.6969197 -0.6525187 -0.2975269
vn -0.144646 -0.278451 0.949496
vn 0.144646 0.278451 -0.949496
vn 0.7024111 -0.704758 -0.09967402
vn -0.69692 -0.652519 -0.297527
vn -0.144646 -0.278451 0.949496
vn 0.144646 0.278451 -0.949496
vn -0.696917 -0.652521 -0.297528
vn -0.6969182 -0.6525202 -0.2975271
vn -0.144645 -0.278451 0.949496
vn -0.7024111 0.704758 0.09967402
vn -0.6969176 -0.6525206 -0.2975278
vn -0.144646 -0.278451 0.949496
vn -0.702411 0.704758 0.09967499
vn -0.7024111 0.704758 0.09967401
vn 0.702411 -0.704758 -0.099674
vn -0.7024111 0.704758 0.09967401
vn 0.7024111 -0.704758 -0.09967401
vn -0.144645 -0.278451 0.9494961
vn 0.7024111 -0.704758 -0.09967401
vn -0.7024111 0.704758 0.09967401
vn -0.144645 -0.278451 0.9494961
vn -0.70241 0.7047591 0.09967402
vn -0.696918 -0.65252 -0.297528
vn -0.6969176 -0.6525206 -0.2975278
vn 0.144646 0.278451 -0.949496
vn 0.7024111 -0.704758 -0.09967402
vn -0.696918 -0.65252 -0.297527
vn -0.6969182 -0.6525202 -0.2975271
vn -0.144645 -0.278451 0.949496
vn -0.7024111 0.704758 0.09967402
vn 0.7024111 -0.704758 -0.09967402
vn -0.7024111 0.704758 0.09967402
vn 0.2746992 0.3976032 -0.8754725
vn 0.5831897 0.6501317 -0.4870508
vn -0.7024111 0.704758 0.09967402
vn 0.7024111 -0.704758 -0.09967402
vn -0.144646 -0.278451 0.949496
vn -0.05519802 -0.1935501 0.9795364
vn -0.144646 -0.278451 0.949496
vn 0.5964932 0.5064412 0.6226662
vn -0.7024111 0.704758 0.09967302
vn 0.9938594 -0.103986 -0.03782402
vn -0.105727 -0.993266 -0.047372
vn -0.105727 -0.9932662 -0.04737201
vn -0.993859 0.103986 0.037823
vn 0.993859 -0.103986 -0.037824
vn 0.032643 -0.05108 0.998161
vn -0.105727 -0.993266 -0.047372
vn -0.9938594 0.103986 0.03782402
vn 0.9938594 -0.103986 -0.03782402
vn -0.105727 -0.993266 -0.047371
vn -0.105727 -0.9932662 -0.04737101
vn -0.993859 0.103987 0.037824
vn -0.032643 0.05108 -0.998161
vn -0.105727 -0.9932662 -0.04737101
vn -0.9938594 0.103986 0.03782402
vn -0.032643 0.051081 -0.998161
vn -0.032643 0.051081 -0.998161
vn 0.032643 -0.05108 0.998161
vn -0.032643 0.05108 -0.998161
vn 0.032643 -0.05108 0.998161
vn -0.9938593 0.103986 0.03782301
vn 0.032643 -0.05108 0.998161
vn -0.032643 0.05108 -0.998161
vn -0.9938593 0.103986 0.03782401
vn -0.032643 0.05108099 -0.9981609
vn -0.105727 -0.993266 -0.047371
vn -0.105727 -0.9932662 -0.04737101
vn 0.9938594 -0.103986 -0.03782301
vn 0.032643 -0.05108099 0.9981609
vn -0.105727 -0.993266 -0.047371
vn -0.105727 -0.9932662 -0.04737101
vn -0.993859 0.103987 0.037824
vn -0.032643 0.05108 -0.998161
vn 0.032643 -0.05108 0.998161
vn -0.032643 0.05108 -0.998161
vn 0.9958078 0.08704398 -0.02811099
vn 0.7958718 0.6054449 0.004956998
vn -0.032643 0.05108 -0.998161
vn 0.032643 -0.05108 0.998161
vn -0.9938593 0.103986 0.03782401
vn -0.9724599 0.228971 0.04352
vn -0.9938593 0.103986 0.03782301
vn -0.263207 0.9630011 0.05788901
vn -0.032642 0.05108 -0.998161
vn 0.9938594 -0.103986 -0.03782402
vn -0.105727 -0.993266 -0.047372
vn -0.105727 -0.9932662 -0.04737201
vn -0.993859 0.103986 0.037823
vn 0.993859 -0.103986 -0.037824
vn 0.032643 -0.05108 0.998161
vn -0.105727 -0.993266 -0.047372
vn -0.9938594 0.103986 0.03782402
vn 0.9938594 -0.103986 -0.03782402
vn -0.105727 -0.993266 -0.047371
vn -0.105727 -0.9932662 -0.04737101
vn -0.993859 0.103987 0.037824
vn -0.032643 0.05108 -0.998161
vn -0.105727 -0.9932662 -0.04737101
vn -0.9938594 0.103986 0.03782402
vn -0.032643 0.051081 -0.998161
vn -0.032643 0.05108 -0.998161
vn 0.032643 -0.05108 0.998161
vn -0.032643 0.05108 -0.998161
vn 0.032643 -0.05108 0.998161
vn -0.9938593 0.103986 0.03782401
vn 0.032643 -0.05108 0.998161
vn -0.032643 0.05108 -0.998161
vn -0.9938593 0.103986 0.03782401
vn -0.032643 0.05108099 -0.9981609
vn -0.105727 -0.993266 -0.047371
vn -0.105727 -0.9932662 -0.04737101
vn 0.9938594 -0.103986 -0.03782301
vn 0.032643 -0.05108099 0.9981609
vn -0.105727 -0.993266 -0.047371
vn -0.105727 -0.9932662 -0.04737101
vn -0.993859 0.103987 0.037824
vn -0.032643 0.05108 -0.998161
vn 0.032643 -0.05108 0.998161
vn -0.032643 0.05108 -0.998161
vn 0.9958078 0.08704398 -0.02811099
vn 0.7958718 0.6054449 0.004956998
vn -0.032643 0.05108 -0.998161
vn 0.032643 -0.05108 0.998161
vn -0.9938593 0.103986 0.03782401
vn -0.9724599 0.228971 0.04352
vn -0.9938593 0.103986 0.03782401
vn -0.263207 0.9630011 0.05788901
vn -0.032642 0.05108 -0.998161
vn 0.9941388 -0.1066 -0.018015
vn -0.105713 -0.993398 0.044554
vn -0.105713 -0.9933981 0.044554
vn -0.994139 0.1066 0.018014
vn 0.994139 -0.1066 -0.018015
vn 0.02264599 0.04238898 0.9988445
vn -0.105713 -0.993398 0.044554
vn -0.9941388 0.1066 0.018015
vn 0.9941388 -0.1066 -0.018015
vn -0.105713 -0.993398 0.044556
vn -0.105713 -0.9933981 0.044555
vn -0.994139 0.1066 0.018015
vn -0.02264599 -0.04238898 -0.9988445
vn -0.105713 -0.9933981 0.044555
vn -0.9941388 0.1066 0.018015
vn -0.02264601 -0.04238902 -0.9988444
vn -0.02264499 -0.04238898 -0.9988445
vn 0.02264499 0.04238898 0.9988445
vn -0.02264499 -0.04238898 -0.9988445
vn 0.02264499 0.04238898 0.9988445
vn -0.9941388 0.1066 0.018014
vn 0.02264499 0.04238898 0.9988445
vn -0.02264502 -0.04238902 -0.9988446
vn -0.9941388 0.1066 0.018015
vn -0.02264499 -0.04238798 -0.9988446
vn -0.105713 -0.993398 0.044555
vn -0.105713 -0.9933981 0.044555
vn 0.9941389 -0.106599 -0.018014
vn 0.02264499 0.04238998 0.9988445
vn -0.105713 -0.993398 0.044556
vn -0.105713 -0.9933981 0.044555
vn -0.994139 0.1066 0.018015
vn -0.02264499 -0.04238898 -0.9988445
vn 0.02264499 0.04238898 0.9988445
vn -0.02264499 -0.04238898 -0.9988445
vn 0.9960796 0.08450297 -0.02616699
vn 0.7960654 0.6036333 -0.04366302
vn -0.02264499 -0.04238898 -0.9988445
vn 0.02264499 0.04238898 0.9988445
vn -0.9941388 0.1066 0.018014
vn -0.9727391 0.23158 0.012225
vn -0.9941388 0.1066 0.018014
vn -0.263322 0.964075 -0.034943
vn -0.02264499 -0.04238898 -0.9988445
vn 0.9941388 -0.1066 -0.018015
vn -0.105713 -0.993398 0.044554
vn -0.105713 -0.9933981 0.044554
vn -0.994139 0.1066 0.018014
vn 0.994139 -0.1066 -0.018015
vn 0.02264599 0.04238898 0.9988445
vn -0.105713 -0.993398 0.044554
vn -0.9941388 0.1066 0.018015
vn 0.9941388 -0.1066 -0.018015
vn -0.105713 -0.993398 0.044556
vn -0.105713 -0.9933981 0.044555
vn -0.994139 0.1066 0.018015
vn -0.02264599 -0.04238898 -0.9988445
vn -0.105713 -0.9933981 0.044555
vn -0.9941388 0.1066 0.018015
vn -0.02264601 -0.04238902 -0.9988444
vn -0.02264499 -0.04238898 -0.9988445
vn 0.02264499 0.04238898 0.9988445
vn -0.02264499 -0.04238898 -0.9988445
vn 0.02264499 0.04238898 0.9988445
vn -0.9941389 0.106599 0.018015
vn 0.02264499 0.04238898 0.9988445
vn -0.02264501 -0.04239002 -0.9988444
vn -0.9941388 0.1066 0.018015
vn -0.02264499 -0.04238798 -0.9988446
vn -0.105713 -0.993398 0.044555
vn -0.105713 -0.9933981 0.044555
vn 0.9941389 -0.106599 -0.018014
vn 0.02264499 0.04238998 0.9988445
vn -0.105713 -0.993398 0.044556
vn -0.105713 -0.9933981 0.044555
vn -0.994139 0.1066 0.018015
vn -0.02264499 -0.04238898 -0.9988445
vn 0.02264499 0.04238898 0.9988445
vn -0.02264499 -0.04238898 -0.9988445
vn 0.9960796 0.08450297 -0.02616799
vn 0.796065 0.603634 -0.043664
vn -0.02264499 -0.04238898 -0.9988445
vn 0.02264499 0.04238898 0.9988445
vn -0.9941388 0.1066 0.018015
vn -0.9727391 0.23158 0.012225
vn -0.9941388 0.1066 0.018015
vn -0.263322 0.964075 -0.034943
vn -0.02264499 -0.04238898 -0.9988445
vt 3872 3905
vt 3936 3905
vt 3872 4177
vt -3936 3905
vt 3952 4177
vt 3968 4177
vt 3952 4321
vt -3968 4177
vt -3952 4209
vt -3968 4209
vt 4336 4209
vt 3968 4337
vt 4336 4225
vt 4320 4225
vt 4336 4241
vt 4320 4241
vt -4000 4241
vt -4320 4225
vt -4336 4241
vt 4000 4225
vt 4336 4209
vt -3920 4209
vt -4320 4209
vt 4000 4209
vt 4336 4257
vt 4320 4257
vt 4336 4289
vt -3920 4289
vt -3944 4337
vt 4336 4337
vt -4320 4289
vt -4000 4257
vt 4000 4289
vt 4000 4257
vt -3976 4337
vt -4336 4337
vt 3840 4353
vt 3840 4289
vt 4352 4161
vt 3840 -4287
vt -3840 4097
vt -3904 4161
vt 3840 -4255
vt 3904 -4255
vt 3968 -4239
vt 3968 4097
vt -4032 4161
vt 4032 -4255
vt 4096 -4239
vt 4096 4257
vt 4208 4129
vt 3872 -4175
vt 3936 -4175
vt 3936 4129
vt -4224 4161
vt -4288 4097
vt 4224 -4351
vt 4224 4097
vt -4160 4161
vt 4160 -4255
vt 4224 -4239
vt 4224 4097
vt 3872 3905
vt 3936 3905
vt 3872 4177
vt -3936 3905
vt 4208 4129
vt 3872 -4175
vt 3936 -4175
vt 3936 4129
vt 3952 4177
vt 3968 4177
vt 3952 4321
vt -3968 4177
vt -3952 4209
vt -3968 4209
vt 4336 4209
vt 3968 4337
vt 4336 4225
vt 4320 4225
vt 4336 4241
vt 4320 4241
vt -4000 4241
vt -4320 4225
vt -4336 4241
vt 4000 4225
vt 4336 4209
vt -3920 4209
vt -4320 4209
vt 4000 4209
vt 4336 4257
vt 4320 4257
vt 4336 4289
vt -3920 4289
vt -3944 4337
vt 4336 4337
vt -4320 4289
vt -4000 4257
vt 4000 4289
vt 4000 4257
vt -3976 4337
vt -4336 4337
vt 3952 4177
vt 3968 4177
vt 3952 4321
vt -3968 4177
vt -3952 4209
vt -3968 4209
vt 4336 4209
vt 3968 4337
vt 4336 4225
vt 4320 4225
vt 4336 4241
vt 4320 4241
vt -4000 4241
vt -4320 4225
vt -4336 4241
vt 4000 4225
vt 4336 4209
vt -3920 4209
vt -4320 4209
vt 4000 4209
vt 4336 4257
vt 4320 4257
vt 4336 4289
vt -3920 4289
vt -3944 4337
vt 4336 4337
vt -4320 4289
vt -4000 4257
vt 4000 4289
vt 4000 4257
vt -3976 4337
vt -4336 4337
vt 3952 4177
vt 3968 4177
vt 3952 4321
vt -3968 4177
vt -3952 4209
vt -3968 4209
vt 4336 4209
vt 3968 4337
vt 4336 4225
vt 4320 4225
vt 4336 4241
vt 4320 4241
vt -4000 4241
vt -4320 4225
vt -4336 4241
vt 4000 4225
vt 4336 4209
vt -3920 4209
vt -4320 4209
vt 4000 4209
vt 4336 4257
vt 4320 4257
vt 4336 4289
vt -3920 4289
vt -3944 4337
vt 4336 4337
vt -4320 4289
vt -4000 4257
vt 4000 4289
vt 4000 4257
vt -3976 4337
vt -4336 4337
vt 3952 4177
vt 3968 4177
vt 3952 4321
vt -3968 4177
vt -3952 4209
vt -3968 4209
vt 4336 4209
vt 3968 4337
vt 4336 4225
vt 4320 4225
vt 4336 4241
vt 4320 4241
vt -4000 4241
vt -4320 4225
vt -4336 4241
vt 4000 4225
vt 4336 4209
vt -3920 4209
vt -4320 4209
vt 4000 4209
vt 4336 4257
vt 4320 4257
vt 4336 4289
vt -3920 4289
vt -3944 4337
vt 4336 4337
vt -4320 4289
vt -4000 4257
vt 4000 4289
vt 4000 4257
vt -3976 4337
vt -4336 4337
vt 3952 4177
vt 3968 4177
vt 3952 4321
vt -3968 4177
vt -3952 4209
vt -3968 4209
vt 4336 4209
vt 3968 4337
vt 4336 4225
vt 4320 4225
vt 4336 4241
vt 4320 4241
vt -4000 4241
vt -4320 4225
vt -4336 4241
vt 4000 4225
vt 4336 4209
vt -3920 4209
vt -4320 4209
vt 4000 4209
vt 4336 4257
vt 4320 4257
vt 4336 4289
vt -3920 4289
vt -3944 4337
vt 4336 4337
vt -4320 4289
vt -4000 4257
vt 4000 4289
vt 4000 4257
vt -3976 4337
vt -4336 4337
vt 3952 4177
vt 3968 4177
vt 3952 4321
vt -3968 4177
vt -3952 4209
vt -3968 4209
vt 4336 4209
vt 3968 4337
vt 4336 4225
vt 4320 4225
vt 4336 4241
vt 4320 4241
vt -4000 4241
vt -4320 4225
vt -4336 4241
vt 4000 4225
vt 4336 4209
vt -3920 4209
vt -4320 4209
vt 4000 4209
vt 4336 4257
vt 4320 4257
vt 4336 4289
vt -3920 4289
vt -3944 4337
vt 4336 4337
vt -4320 4289
vt -4000 4257
vt 4000 4289
vt 4000 4257
vt -3976 4337
vt -4336 4337
vt 3952 4177
vt 3968 4177
vt 3952 4321
vt -3968 4177
vt -3952 4209
vt -3968 4209
vt 4336 4209
vt 3968 4337
vt 4336 4225
vt 4320 4225
vt 4336 4241
vt 4320 4241
vt -4000 4241
vt -4320 4225
vt -4336 4241
vt 4000 4225
vt 4336 4209
vt -3920 4209
vt -4320 4209
vt 4000 4209
vt 4336 4257
vt 4320 4257
vt 4336 4289
vt -3920 4289
vt -3944 4337
vt 4336 4337
vt -4320 4289
vt -4000 4257
vt 4000 4289
vt 4000 4257
vt -3976 4337
vt -4336 4337
vt 4208 3905
vt 3872 4209
vt 3936 4209
vt -4208 3905
vt 4176 3905
vt -3872 3905
vt 3936 4177
vt -4176 3905
vt 4336 4177
vt 3952 4337
vt 3968 4337
vt -4336 4177
vt 4320 4177
vt -3952 4177
vt 3968 4321
vt -4320 4177
vt 4320 4209
vt 3952 4321
vt 3968 4321
vt -4320 4209
vt 3952 4209
vt 3952 4337
vt -4336 4209
vt 3968 4209
vt 3920 4225
vt -3920 4225
vt 3920 4241
vt -3920 4241
vt -4320 4241
vt -4000 4225
vt 4000 4241
vt -4336 4225
vt 3920 4209
vt 3920 4337
vt 3920 4321
vt 4320 4209
vt -4000 4209
vt 4000 4321
vt 4000 4337
vt -4336 4209
vt 3920 4257
vt -3920 4257
vt 3920 4289
vt 4320 4289
vt 4320 4337
vt 3944 -4319
vt 3944 4337
vt 3944 -4335
vt -4000 4289
vt -4320 4257
vt -4336 4289
vt -4336 4257
vt 3976 -4319
vt -4320 4337
vt 3976 4337
vt 3976 -4335
vt 3840 4097
vt 4352 4097
vt 4288 4097
vt -3840 4097
vt 3840 4161
vt 3840 -4351
vt 4288 4161
vt -3840 4161
vt 3840 4241
vt 3840 -4239
vt 3904 -4239
vt 3840 4257
vt 3840 4097
vt 3904 4161
vt -3968 4097
vt -3968 4097
vt 3968 4241
vt 3968 4257
vt 3968 4097
vt 3968 -4255
vt 4032 -4239
vt 4032 4161
vt -4096 4097
vt -4096 4097
vt 4096 4241
vt 4096 4097
vt 4096 4097
vt 4096 -4255
vt 4096 4257
vt 3872 4129
vt 3872 -4207
vt 4176 4129
vt -3872 4129
vt -3936 4129
vt -4176 4129
vt -4208 4129
vt 3936 -4207
vt 4224 -4287
vt -4288 4161
vt -4224 4097
vt 4224 4289
vt 4224 4161
vt -4352 4161
vt 4224 4353
vt -4352 4097
vt 4160 -4239
vt 4160 4161
vt -4224 4097
vt 4224 4241
vt 4224 4257
vt 4224 -4255
vt 4208 3905
vt 3872 4209
vt 3936 4209
vt -4208 3905
vt 4176 3905
vt -3872 3905
vt 3936 4177
vt -4176 3905
vt 3872 4129
vt 3872 -4207
vt 4176 4129
vt -3872 4129
vt -3936 4129
vt -4176 4129
vt -4208 4129
vt 3936 -4207
vt 4336 4177
vt 3952 4337
vt 3968 4337
vt -4336 4177
vt 4320 4177
vt -3952 4177
vt 3968 4321
vt -4320 4177
vt 4320 4209
vt 3952 4321
vt 3968 4321
vt -4320 4209
vt 3952 4209
vt 3952 4337
vt -4336 4209
vt 3968 4209
vt 3920 4225
vt -3920 4225
vt 3920 4241
vt -3920 4241
vt -4320 4241
vt -4000 4225
vt 4000 4241
vt -4336 4225
vt 3920 4209
vt 3920 4337
vt 3920 4321
vt 4320 4209
vt -4000 4209
vt 4000 4321
vt 4000 4337
vt -4336 4209
vt 3920 4257
vt -3920 4257
vt 3920 4289
vt 4320 4289
vt 4320 4337
vt 3944 -4319
vt 3944 4337
vt 3944 -4335
vt -4000 4289
vt -4320 4257
vt -4336 4289
vt -4336 4257
vt 3976 -4319
vt -4320 4337
vt 3976 4337
vt 3976 -4335
vt 4336 4177
vt 3952 4337
vt 3968 4337
vt -4336 4177
vt 4320 4177
vt -3952 4177
vt 3968 4321
vt -4320 4177
vt 4320 4209
vt 3952 4321
vt 3968 4321
vt -4320 4209
vt 3952 4209
vt 3952 4337
vt -4336 4209
vt 3968 4209
vt 3920 4225
vt -3920 4225
vt 3920 4241
vt -3920 4241
vt -4320 4241
vt -4000 4225
vt 4000 4241
vt -4336 4225
vt 3920 4209
vt 3920 4337
vt 3920 4321
vt 4320 4209
vt -4000 4209
vt 4000 4321
vt 4000 4337
vt -4336 4209
vt 3920 4257
vt -3920 4257
vt 3920 4289
vt 4320 4289
vt 4320 4337
vt 3944 -4319
vt 3944 4337
vt 3944 -4335
vt -4000 4289
vt -4320 4257
vt -4336 4289
vt -4336 4257
vt 3976 -4319
vt -4320 4337
vt 3976 4337
vt 3976 -4335
vt 4336 4177
vt 3952 4337
vt 3968 4337
vt -4336 4177
vt 4320 4177
vt -3952 4177
vt 3968 4321
vt -4320 4177
vt 4320 4209
vt 3952 4321
vt 3968 4321
vt -4320 4209
vt 3952 4209
vt 3952 4337
vt -4336 4209
vt 3968 4209
vt 3920 4225
vt -3920 4225
vt 3920 4241
vt -3920 4241
vt -4320 4241
vt -4000 4225
vt 4000 4241
vt -4336 4225
vt 3920 4209
vt 3920 4337
vt 3920 4321
vt 4320 4209
vt -4000 4209
vt 4000 4321
vt 4000 4337
vt -4336 4209
vt 3920 4257
vt -3920 4257
vt 3920 4289
vt 4320 4289
vt 4320 4337
vt 3944 -4319
vt 3944 4337
vt 3944 -4335
vt -4000 4289
vt -4320 4257
vt -4336 4289
vt -4336 4257
vt 3976 -4319
vt -4320 4337
vt 3976 4337
vt 3976 -4335
vt 4336 4177
vt 3952 4337
vt 3968 4337
vt -4336 4177
vt 4320 4177
vt -3952 4177
vt 3968 4321
vt -4320 4177
vt 4320 4209
vt 3952 4321
vt 3968 4321
vt -4320 4209
vt 3952 4209
vt 3952 4337
vt -4336 4209
vt 3968 4209
vt 3920 4225
vt -3920 4225
vt 3920 4241
vt -3920 4241
vt -4320 4241
vt -4000 4225
vt 4000 4241
vt -4336 4225
vt 3920 4209
vt 3920 4337
vt 3920 4321
vt 4320 4209
vt -4000 4209
vt 4000 4321
vt 4000 4337
vt -4336 4209
vt 3920 4257
vt -3920 4257
vt 3920 4289
vt 4320 4289
vt 4320 4337
vt 3944 -4319
vt 3944 4337
vt 3944 -4335
vt -4000 4289
vt -4320 4257
vt -4336 4289
vt -4336 4257
vt 3976 -4319
vt -4320 4337
vt 3976 4337
vt 3976 -4335
vt 4336 4177
vt 3952 4337
vt 3968 4337
vt -4336 4177
vt 4320 4177
vt -3952 4177
vt 3968 4321
vt -4320 4177
vt 4320 4209
vt 3952 4321
vt 3968 4321
vt -4320 4209
vt 3952 4209
vt 3952 4337
vt -4336 4209
vt 3968 4209
vt 3920 4225
vt -3920 4225
vt 3920 4241
vt -3920 4241
vt -4320 4241
vt -4000 4225
vt 4000 4241
vt -4336 4225
vt 3920 4209
vt 3920 4337
vt 3920 4321
vt 4320 4209
vt -4000 4209
vt 4000 4321
vt 4000 4337
vt -4336 4209
vt 3920 4257
vt -3920 4257
vt 3920 4289
vt 4320 4289
vt 4320 4337
vt 3944 -4319
vt 3944 4337
vt 3944 -4335
vt -4000 4289
vt -4320 4257
vt -4336 4289
vt -4336 4257
vt 3976 -4319
vt -4320 4337
vt 3976 4337
vt 3976 -4335
vt 4336 4177
vt 3952 4337
vt 3968 4337
vt -4336 4177
vt 4320 4177
vt -3952 4177
vt 3968 4321
vt -4320 4177
vt 4320 4209
vt 3952 4321
vt 3968 4321
vt -4320 4209
vt 3952 4209
vt 3952 4337
vt -4336 4209
vt 3968 4209
vt 3920 4225
vt -3920 4225
vt 3920 4241
vt -3920 4241
vt -4320 4241
vt -4000 4225
vt 4000 4241
vt -4336 4225
vt 3920 4209
vt 3920 4337
vt 3920 4321
vt 4320 4209
vt -4000 4209
vt 4000 4321
vt 4000 4337
vt -4336 4209
vt 3920 4257
vt -3920 4257
vt 3920 4289
vt 4320 4289
vt 4320 4337
vt 3944 -4319
vt 3944 4337
vt 3944 -4335
vt -4000 4289
vt -4320 4257
vt -4336 4289
vt -4336 4257
vt 3976 -4319
vt -4320 4337
vt 3976 4337
vt 3976 -4335
vt 4336 4177
vt 3952 4337
vt 3968 4337
vt -4336 4177
vt 4320 4177
vt -3952 4177
vt 3968 4321
vt -4320 4177
vt 4320 4209
vt 3952 4321
vt 3968 4321
vt -4320 4209
vt 3952 4209
vt 3952 4337
vt -4336 4209
vt 3968 4209
vt 3920 4225
vt -3920 4225
vt 3920 4241
vt -3920 4241
vt -4320 4241
vt -4000 4225
vt 4000 4241
vt -4336 4225
vt 3920 4209
vt 3920 4337
vt 3920 4321
vt 4320 4209
vt -4000 4209
vt 4000 4321
vt 4000 4337
vt -4336 4209
vt 3920 4257
vt -3920 4257
vt 3920 4289
vt 4320 4289
vt 4320 4337
vt 3944 -4319
vt 3944 4337
vt 3944 -4335
vt -4000 4289
vt -4320 4257
vt -4336 4289
vt -4336 4257
vt 3976 -4319
vt -4320 4337
vt 3976 4337
vt 3976 -4335
g slot12
f 7/7/7 6/305/303 5/304/302
f 7/7/7 8/309/307 6/305/303
f 10/10/10 7/308/306 9/9/9
f 10/10/10 8/8/8 7/308/306
f 6/6/6 11/315/313 5/5/5
f 6/6/6 12/318/316 11/315/313
f 5/303/301 9/311/309 7/307/305
f 5/303/301 11/11/11 9/311/309
f 12/317/315 8/310/308 10/314/312
f 12/317/315 6/306/304 8/310/308
f 73/73/73 72/420/389 71/419/388
f 73/73/73 74/424/393 72/420/389
f 76/76/76 73/423/392 75/75/75
f 76/76/76 74/74/74 73/423/392
f 72/72/72 77/430/399 71/71/71
f 72/72/72 78/433/402 77/430/399
f 71/418/387 75/426/395 73/422/391
f 71/418/387 77/77/77 75/426/395
f 78/432/401 74/425/394 76/429/398
f 78/432/401 72/421/390 74/425/394
f 105/105/105 104/468/433 103/467/432
f 105/105/105 106/472/437 104/468/433
f 108/108/108 105/471/436 107/107/107
