g slot92
v 8.046675 110.3352 -8.005182
v 8.090195 110.2565 8.965143
v 0.046713 110.3213 -7.984731
v 0.090233 110.2426 8.985594
v 8.075959 93.36485 -8.083908
v 0.075997 93.35094 -8.063457
v 7.914284 73.92003 -84.54221
v 7.923774 85.18116 -73.17619
v -0.085678 73.90613 -84.52177
v -0.076187 85.16726 -73.15573
v 8.193096 25.48342 -8.398814
v 0.193134 25.46952 -8.378363
v 8.190723 22.66814 -11.24032
v 8.181233 11.407 -22.60636
v 0.239298 -6.750458 -4.841457
v 0.287834 -0.077769 11.30226
v 0.229807 0.0271 -11.32484
v 0.278344 -6.79532 -1.352252
v 8.300948 84.49952 73.89996
v 0.300986 84.48562 73.92042
v 0.349522 73.11961 85.18148
v 8.349484 73.13351 85.16103
v 8.512785 -8.929193 93.26568
v 0.512823 -8.943093 93.28613
v 8.527021 7.962511 110.3147
v 0.527059 7.948611 110.3352
v 8.556305 -9.007844 110.236
v 0.556343 -9.021744 110.2565
v 0.236654 25.39087 8.591962
v 8.246378 19.74799 8.545269
v 8.244005 16.9327 5.70376
v 0.244043 16.9188 5.724212
v 0.246416 19.73409 8.56572
v 8.202858 19.82664 -8.425056
v 0.202896 19.81274 -8.404605
v 8.214992 16.98514 -5.60979
v 0.21503 16.97124 -5.589338
v 0.193405 8.551603 -19.77064
v 0.205539 5.710102 -16.95537
v 8.205501 5.724001 -16.97582
v 8.193367 8.565502 -19.79109
v 8.294914 8.381983 19.80633
v 8.292541 5.566699 16.96483
v 8.312064 -5.746871 16.91234
v 8.324198 -8.588372 19.72761
v 0.312102 -5.760771 16.93279
v 0.324236 -8.602272 19.74806
v 0.375416 -34.07091 22.45836
v 0.314746 -19.86341 8.382025
v 0.302612 -17.02191 5.566759
v 8.384868 -22.79588 33.80394
v 8.314708 -19.84951 8.361574
v 8.302573 -17.00801 5.546308
v 0.292579 5.552799 16.98528
v 0.294952 8.368083 19.82679
v 0.35325 -8.654706 31.06161
v 0.603319 -73.95679 84.49918
v 8.603281 -73.94289 84.47874
v 0.593829 -85.21793 73.13315
v 8.593791 -85.20403 73.1127
v 7.96126 8.984975 -110.2995
v 8.00478 8.906324 -93.32916
v -0.038702 8.971075 -110.279
v 0.004818 8.892424 -93.30871
v 8.164625 -8.299985 -42.49692
v 0.034103 -8.077931 -93.38744
v 7.990544 -7.98538 -110.3782
v -0.009417 -7.99928 -110.3578
v 0.200794 0.079534 -22.63839
v 0.225062 -5.603468 -17.00786
v 0.222689 -8.418752 -19.84937
v 8.222651 -8.404853 -19.86982
v 8.225024 -5.589569 -17.02831
v 8.33423 -31.16308 8.30909
v 8.27356 -16.95557 -5.767242
v 0.273598 -16.96947 -5.746791
v 8.191807 -45.00354 -56.80943
v 8.271187 -19.77086 -8.608751
v 0.271226 -19.78476 -8.588299
v 8.398086 -93.30906 -8.949898
v 8.441606 -93.38771 8.020427
v 8.47089 -110.3581 7.9417
v 0.441644 -93.40161 8.040878
v 0.470928 -110.372 7.962151
v 8.168081 -73.15639 -85.22451
v 0.168119 -73.17028 -85.20406
v 0.216655 -84.53629 -73.94299
v 8.216617 -84.52238 -73.96345
v 8.42737 -110.2794 -9.028625
v 0.427408 -110.2933 -9.008173
vn -0.002564 0.004635 -0.999986
vn 0.9999952 0.001737 -0.002556
vn -0.001726 0.9999878 0.004641999
vn -0.9999952 -0.001737 0.002556
vn -0.002564 0.004635 -0.999986
vn -0.002564 0.004635 -0.999986
vn -0.000593 -0.7038211 -0.710377
vn 0.9999952 0.001737 -0.002556001
vn -0.003034 0.710375 -0.703817
vn -0.9999952 -0.001737 0.002556001
vn -0.002564 0.004635 -0.9999859
vn -0.9999952 -0.001738 0.002556001
vn 0.9999952 0.001737 -0.002556
vn -0.000593 -0.7038211 -0.710377
vn -0.9999979 -0.0007739999 0.001951
vn 0.999995 0.000359 -0.003155
vn -0.9999958 -0.001833 0.002257999
vn -0.9999956 -0.001718999 0.002400999
vn 0.000593 0.7038211 0.710377
vn 0.000593 0.703821 0.710377
vn 0.000593 0.7038211 0.710377
vn 0.003033 -0.710375 0.703817
vn 0.001726 -0.9999878 -0.004638999
vn 0.001726 -0.9999878 -0.004638999
vn 0.002571 -0.004633 0.999986
vn 0.002571 -0.004633 0.999986
vn 0.999995 0.001737 -0.002556
vn -0.999995 -0.001737 0.002556
vn 0.002564 -0.004635 0.999986
vn 0.002564 -0.004635 0.9999859
vn 0.9999952 0.001737 -0.002556001
vn -0.003033 0.710375 -0.703817
vn -0.999995 -0.001738 0.002557
vn 0.9999952 0.001737 -0.002556001
vn -0.999995 -0.001737 0.002556
vn 0.000593 0.703821 0.710377
vn 0.000593 0.7038211 0.710377
vn -0.000593 -0.7038211 -0.710377
vn -0.9999952 -0.001737 0.002556001
vn -0.000593 -0.703821 -0.710377
vn 0.9999952 0.001737 -0.002556001
vn 0.9999952 0.001737 -0.002557
vn 0.003033 -0.710375 0.703817
vn 0.9999952 0.001737 -0.002556
vn 0.001726 -0.9999878 -0.004638999
vn 0.000594 0.7038211 0.710377
vn 0.000594 0.7038211 0.710377
vn -0.000593 -0.7038211 -0.710377
vn -0.9999952 -0.001737 0.002556
vn -0.000593 -0.703821 -0.710377
vn 0.9999952 0.001737 -0.002556
vn 0.002564 -0.004635 0.999986
vn -0.000593 -0.7038211 -0.710377
vn -0.9999952 -0.001737 0.002556
vn -0.001726 0.999988 0.004639
vn -0.9999952 -0.001643 0.00262
vn 0.000593 0.7038211 0.710377
vn 0.003033 -0.710375 0.703817
vn -0.9999952 -0.001737 0.002556001
vn -0.000593 -0.7038211 -0.710377
vn -0.002564 0.004636 -0.999986
vn -0.001726 0.9999878 0.004638999
vn -0.001726 0.9999878 0.004638999
vn -0.001726 0.9999878 0.004638999
vn 0.001725 -0.9999878 -0.004638999
vn 0.001726 -0.9999878 -0.004638999
vn 0.999995 0.001737 -0.002556
vn -0.999995 -0.001738 0.002556
vn -0.9999951 -0.001687 0.002668
vn -0.9999952 -0.001737 0.002556
vn 0.001726 -0.9999878 -0.004638999
vn 0.999995 0.001737 -0.002556
vn -0.003033 0.710375 -0.703817
vn 0.9999952 0.001737 -0.002556
vn 0.9999952 0.001737 -0.002556
vn 0.003033 -0.710375 0.703817
vn -0.003033 0.710375 -0.703817
vn -0.002564 0.004635 -0.999986
vn -0.9999951 -0.001738 0.002556
vn -0.002564 0.004635 -0.999986
vn 0.9999952 0.001737 -0.002556001
vn 0.9999952 0.001737 -0.002556001
vn 0.002564 -0.004635 0.999986
vn 0.002564 -0.004635 0.999986
vn -0.003032 0.710375 -0.703817
vn -0.000593 -0.703821 -0.710377
vn -0.000593 -0.7038211 -0.710377
vn 0.9999952 0.001737 -0.002556001
vn 0.001726 -0.9999878 -0.004641999
vn -0.9999952 -0.001737 0.002556001
vn -0.001726 0.999988 0.004642
vn 0.999995 0.001737 -0.002556
vn -0.001726 0.9999878 0.004641999
vn 0.002564 -0.004635 0.999986
vn -0.002564 0.004635 -0.999986
vn -0.999995 -0.001737 0.002556
vn -0.001726 0.999988 0.004642
vn 0.002564 -0.004635 0.999986
vn 0.9999952 0.001737 -0.002556001
vn -0.9999952 -0.001737 0.002556001
vn -0.003033 0.710375 -0.703817
vn 0.999995 0.001738 -0.002556
vn -0.003034 0.710375 -0.703817
vn 0.000593 0.7038211 0.710377
vn -0.000593 -0.703821 -0.710377
vn -0.999995 -0.001737 0.002556
vn -0.003034 0.710375 -0.703816
vn 0.000594 0.703821 0.710377
vn 0.9999952 0.001737 -0.002556001
vn -0.002564 0.004635 -0.9999859
vn 0.000593 0.7038211 0.710377
vn 0.9999952 0.001737 -0.002556
vn 0.999995 0.000359 -0.003155
vn -0.9999955 -0.002024001 0.002267001
vn 0.9999952 0.001737 -0.002556001
vn -0.003034 0.710375 -0.703817
vn -0.003034 0.710375 -0.703817
vn -0.9999952 -0.001737 0.002556001
vn -0.999995 -0.001737 0.002556
vn 0.003033 -0.710375 0.703817
vn 0.000593 0.703821 0.710377
vn 0.999995 0.001737 -0.002556
vn 0.9999952 0.001737 -0.002556
vn -0.9999952 -0.001737 0.002556001
vn 0.9999952 0.001737 -0.002556001
vn -0.001726 0.999988 0.004639
vn -0.001726 0.9999878 0.004638999
vn -0.9999952 -0.001737 0.002556
vn 0.002571 -0.004633 0.999986
vn 0.001726 -0.999988 -0.004639
vn 0.001726 -0.9999878 -0.004638999
vn 0.002571 -0.004633 0.999986
vn -0.9999952 -0.001738 0.002556001
vn 0.9999952 0.001737 -0.002556
vn -0.003034 0.710375 -0.703817
vn -0.9999952 -0.001737 0.002556001
vn 0.002564 -0.004635 0.999986
vn -0.002564 0.004635 -0.999986
vn 0.000593 0.7038211 0.710377
vn 0.999995 0.001737 -0.002556
vn 0.000593 0.7038211 0.710377
vn -0.002564 0.004635 -0.999986
vn -0.9999952 -0.001737 0.002556
vn 0.9999952 0.001737 -0.002556
vn -0.9999952 -0.001737 0.002556
vn -0.001726 0.9999878 0.004638999
vn -0.9999952 -0.001737 0.002556001
vn -0.9999952 -0.001737 0.002556
vn -0.000593 -0.7038211 -0.710377
vn 0.9999952 0.001737 -0.002556
vn -0.0005929996 -0.7038216 -0.7103766
vn 0.9999952 0.001737 -0.002556
vn -0.001726 0.999988 0.004639
vn -0.001726 0.9999878 0.004638999
vn 0.9999952 0.001737 -0.002556
vn 0.000593 0.703821 0.710377
vn 0.000593 0.7038211 0.710377
vn 0.9999952 0.001737 -0.002556001
vn 0.9999952 0.001737 -0.002556
vn -0.9999955 -0.002024001 0.002267001
vn 0.001726 -0.999988 -0.004639
vn -0.999996 -0.001649 0.002431
vn -0.9999956 -0.001648999 0.002430999
vn -0.9999952 -0.001737 0.002556001
vn -0.000593 -0.7038211 -0.710377
vn 0.002564 -0.004635 0.999986
vn -0.9999952 -0.001737 0.002556001
vn -0.9999952 -0.001737 0.002556001
vn 0.000593 0.7038211 0.710377
vn 0.9999952 0.001737 -0.002556
vn -0.000594 -0.7038211 -0.710377
vn 0.999995 0.001737 -0.002556
vn 0.9999952 0.001737 -0.002557001
vn 0.003033 -0.710375 0.703817
vn -0.9999952 -0.001737 0.002556001
vn 0.999995 0.000359 -0.003155
vn 0.001726 -0.9999878 -0.004638999
vn -0.9999952 -0.001643 0.00262
vn -0.999995 -0.001737 0.002556
vn 0.003033 -0.710375 0.703817
vn 0.000593 0.703821 0.710377
vn 0.999995 0.001737 -0.002556
vn -0.000593 -0.703821 -0.710377
vn 0.003033 -0.710375 0.703817
vn 0.9999952 0.001737 -0.002556001
vn 0.003033 -0.710375 0.703817
vn -0.001726 0.999988 0.004639
vn 0.9999952 0.001737 -0.002556001
vn 0.9999952 0.001738 -0.002556001
vn -0.002571 0.004639 -0.999986
vn -0.9999952 -0.001738 0.002556001
vn -0.9999952 -0.001737 0.002556001
vn 0.9999952 0.001737 -0.002556
vn -0.9999951 -0.001738 0.002556
vn 0.001726 -0.9999878 -0.004638999
vn -0.002557 0.004633 -0.999986
vn -0.002564 0.004636 -0.999986
vn 0.001726 -0.999988 -0.004639
vn -0.003033 0.710375 -0.703817
vn -0.9999952 -0.001737 0.002556
vn 0.001725 -0.999988 -0.004639
vn 0.9999952 0.001737 -0.002556
vn 0.002564 -0.004635 0.9999859
vn 0.003034 -0.710375 0.703817
vn -0.9999951 -0.001738 0.002556
vn 0.9999952 0.001737 -0.002556
vn 0.9999952 0.001737 -0.002556001
vn -0.002565 0.004635 -0.999986
vn 0.9999952 0.001737 -0.002556001
vn 0.002564 -0.004635 0.999986
vn 0.002564 -0.004635 0.999986
vn 0.001726 -0.999988 -0.004642
vn -0.9999952 -0.001737 0.002556
vn -0.999995 -0.001737 0.002556
vn 0.001726 -0.9999878 -0.004641999
vn 0.999995 0.001737 -0.002556
vn -0.000593 -0.7038211 -0.710377
vn -0.003033 0.710375 -0.703817
vn -0.999995 -0.001737 0.002556
vn -0.9999952 -0.001737 0.002556001
vn 0.003034 -0.710375 0.703817
vn -0.000592 -0.703821 -0.710377
vn 0.003035 -0.710375 0.703817
vn 0.999995 0.001737 -0.002556
vn -0.002564 0.004635 -0.999986
vn -0.002564 0.004635 -0.9999859
vn 0.001725 -0.999988 -0.004642
vt 3456 4097
vt 3712 -3359
vt 3616 4161
vt 3712 -3359
vt 3552 4097
vt 3712 4161
vt 3392 4097
vt 3392 -3967
vt 4096 4161
vt 3392 -3967
vt 4096 4097
vt 4096 -3935
vt 4096 -3967
vt 4096 4097
vt 4224 -3967
vt 4352 -3967
vt 4224 -4095
vt 4352 -4095
vt 4224 4097
vt 4224 4161
vt 4352 4161
vt 3136 4097
vt 4864 4097
vt 4864 4161
vt 4864 4097
vt 4864 4161
vt 4960 -3455
vt 4960 -3455
vt 3840 4161
vt 3872 4097
vt 4224 -3903
vt 3904 4161
vt 4224 -3871
vt 4128 -3967
vt 4128 -3967
vt 4160 4097
vt 4160 4161
vt 4128 4161
vt 4160 -4095
vt 4160 4097
vt 4128 -4095
vt 4352 -3871
vt 3904 4097
vt 4416 -3967
vt 4448 4097
vt 4416 4161
vt 4448 4161
vt 4608 4161
vt 4448 -4095
vt 4416 4161
vt 4608 -3967
vt 4448 4097
vt 4416 4097
vt 4352 -3903
vt 3872 4161
vt 4512 -3903
vt 5184 4161
vt 3968 4097
vt 5184 -4095
vt 5184 4097
vt 3616 4097
vt 4512 4097
vt 4608 4161
vt 3712 4161
vt 4320 4097
vt 4608 4161
vt 3712 -4703
vt 3712 -4703
vt 4160 -4159
vt 4224 -4159
vt 4192 4161
vt 4224 -4191
vt 4160 4097
vt 4512 -4159
vt 4352 -4159
vt 4160 4161
vt 4608 4097
vt 4192 4097
vt 4352 -4191
vt 4608 4097
vt 4864 -4511
vt 4960 -4607
vt 4864 4161
vt 4608 4161
vt 4928 4097
vt 4224 4161
vt 4352 4161
vt 4352 -4927
vt 4864 4097
vt 4864 -4703
vt 3616 4097
vt 3616 -3455
vt 3712 4097
vt 3360 4097
vt 3456 4161
vt 3616 -3455
vt 3712 4161
vt 3360 4161
vt 3712 -3551
vt 3712 4097
vt 3552 4161
vt 3712 -3551
vt 4096 4097
vt 3392 -4095
vt 3968 4097
vt 3392 4097
vt 3392 4161
vt 3392 -4095
vt 3968 4161
vt 3392 4161
vt 4096 -3935
vt 4096 4161
vt 4096 4097
vt 4096 -4095
vt 4224 -3135
vt 3136 4097
vt 3136 4161
vt 4224 -3135
vt 4352 -3135
vt 3136 4161
vt 4352 4097
vt 4352 -3135
vt 4864 -3551
vt 3552 4097
vt 3552 4161
vt 4864 -3551
vt 4864 -3359
vt 3360 4097
vt 3360 4161
vt 4864 -3359
vt 4960 4097
vt 3456 4097
vt 3456 4161
vt 4960 4161
vt 4192 -3839
vt 4224 -3871
vt 3904 4097
vt 4224 -3903
vt 3872 4161
vt 4128 4097
vt 4128 4097
vt 4128 -3967
vt 4128 4161
vt 4128 4161
vt 4128 -3967
vt 4160 -3967
vt 4160 -3967
vt 4128 4161
vt 4128 -4095
vt 4128 -4095
vt 4160 4161
vt 4160 -4095
vt 4128 4097
vt 4128 -4095
vt 4128 4097
vt 3872 4097
vt 4352 -3903
vt 4416 4097
vt 4448 4097
vt 4448 -3967
vt 4448 -3967
vt 4416 -3967
vt 4448 4161
vt 4448 -3967
vt 4448 -3967
vt 4608 -4095
vt 4448 4161
vt 4448 4161
vt 4448 -4095
vt 4416 -4095
vt 4608 4097
vt 4448 -4095
vt 4448 4097
vt 4448 -4095
vt 4416 -4095
vt 3904 4161
vt 4352 -3871
vt 4512 4161
vt 5184 -3967
vt 3968 4161
vt 5184 4097
vt 5184 -3967
vt 5184 4161
vt 4096 4161
vt 5184 -4095
vt 4096 4097
vt 4608 4097
vt 3616 -4607
vt 3712 -4511
vt 3712 4097
vt 3616 4161
vt 3616 -4607
vt 4512 4161
vt 3712 -4511
vt 4096 -4319
vt 3808 -4607
vt 4704 4097
vt 3712 4097
vt 3712 4161
vt 4704 4161
vt 4160 4161
vt 4224 -4191
vt 4192 4097
vt 4224 -4159
vt 4512 4097
vt 4160 4097
vt 4352 -4159
vt 4224 -4607
vt 4352 -4191
vt 4192 4161
vt 4768 -4607
vt 4864 4097
vt 4512 4097
vt 4608 4097
vt 4960 4097
vt 4864 -4511
vt 4512 4161
vt 4960 -4607
vt 4960 4161
vt 4224 -4927
vt 4224 4097
vt 4928 4161
vt 4224 -4927
vt 4352 -4927
vt 4928 4161
vt 4352 4097
vt 4928 4097
vt 4864 -4703
vt 4704 4097
vt 4704 4161
vt 4864 4161
f 3/3/3 2/93/93 1/91/91
f 3/3/3 4/97/97 2/93/93
f 6/101/6 1/1/1 5/5/5
f 6/101/6 3/95/95 1/1/1
f 11/11/11 6/6/6 5/100/5
f 11/11/11 12/112/110 6/6/6
f 74/74/74 81/81/81 80/211/209
f 70/70/70 76/207/205 49/49/49
f 5/99/99 1/92/92 2/2/2
f 2/2/2 11/111/109 5/99/99
f 81/81/81 82/82/82 80/211/209
f 6/102/100 12/12/12 4/4/4
f 4/4/4 3/96/96 6/102/100
f 69/69/69 70/70/70 49/49/49
f 9/9/9 8/105/103 7/103/101
f 9/9/9 10/109/107 8/105/103
f 35/143/141 8/106/104 10/110/108
f 35/143/141 13/113/111 8/106/104
f 7/7/7 38/38/38 9/107/105
f 7/7/7 14/14/14 38/38/38
f 8/8/8 14/114/112 7/104/102
f 8/8/8 13/13/13 14/114/112
f 10/10/10 38/150/148 35/145/143
f 10/10/10 9/108/106 38/150/148
f 4/98/98 30/30/30 2/94/94
f 4/98/98 29/29/29 30/30/30
f 2/2/2 30/136/134 11/111/109
f 63/63/63 64/193/64 62/62/62
f 74/74/74 80/211/209 78/209/207
f 12/12/12 29/135/133 4/4/4
f 71/202/200 64/194/192 66/196/194
f 57/57/57 51/171/169 47/47/47
f 86/222/218 77/77/77 85/85/85
f 84/219/215 89/89/89 82/215/212
f 87/225/221 88/227/223 75/206/204
f 84/219/215 90/231/227 89/89/89
f 83/217/83 84/84/84 82/214/211
f 68/199/197 61/61/61 67/198/196
f 86/222/218 70/201/199 77/77/77
f 87/225/221 75/206/204 76/76/76
f 90/230/226 80/80/80 89/229/225
f 82/82/82 89/228/224 80/211/209
f 20/117/117 19/116/116 31/137/135
f 70/70/70 86/223/219 87/224/220
f 54/176/174 22/22/22 21/120/120
f 54/176/174 43/43/43 22/22/22
f 21/21/21 19/19/19 20/20/20
f 21/21/21 22/121/121 19/19/19
f 19/115/115 43/157/155 31/31/31
f 19/115/115 22/122/122 43/157/155
f 20/118/118 54/54/54 21/119/119
f 70/70/70 87/224/220 76/207/205
f 53/175/173 52/174/172 74/74/74
f 23/23/23 24/24/24 56/178/177
f 17/17/17 39/39/39 69/69/69
f 90/230/226 78/78/78 80/80/80
f 26/26/26 27/131/129 25/25/25
f 26/26/26 28/134/132 27/131/129
f 28/133/131 23/124/23 27/132/130
f 28/133/131 24/125/24 23/124/23
f 42/156/154 55/55/55 26/129/127
f 74/74/74 40/152/150 53/175/173
f 27/27/27 23/123/123 25/127/125
f 75/75/75 77/208/206 73/204/202
f 24/126/124 28/28/28 26/130/128
f 56/56/178 24/126/124 26/130/128
f 36/146/144 11/111/109 30/136/134
f 50/170/168 18/18/18 69/69/69
f 41/154/152 40/152/150 73/204/202
f 56/56/178 26/130/128 55/177/175
f 65/65/65 72/203/201 71/71/71
f 85/221/217 87/87/87 86/86/86
f 51/51/51 58/182/182 60/185/185
f 66/66/66 68/200/198 67/197/195
f 30/136/134 31/31/31 36/146/144
f 59/184/184 58/58/58 57/180/180
f 60/185/185 52/172/170 51/51/51
f 32/138/136 33/33/33 29/135/133
f 34/140/138 12/112/110 11/11/11
f 34/140/138 35/144/142 12/112/110
f 71/71/71 67/197/195 65/65/65
f 36/146/144 34/142/140 11/111/109
f 57/57/57 58/181/181 51/171/169
f 68/199/197 63/191/190 61/61/61
f 37/147/145 12/12/12 35/35/35
f 59/184/184 60/186/186 58/58/58
f 48/48/48 52/173/171 60/60/60
f 37/147/145 29/135/133 12/12/12
f 74/205/203 52/52/52 49/168/166
f 35/143/141 37/37/37 13/113/111
f 34/141/139 13/113/111 37/37/37
f 37/37/37 36/36/36 34/141/139
f 63/63/63 62/62/62 61/187/187
f 14/14/14 39/151/149 38/38/38
f 41/153/151 40/40/40 39/151/149
f 14/14/14 41/153/151 39/151/149
f 47/165/163 48/166/164 59/59/59
f 42/156/154 26/129/127 25/128/126
f 39/39/39 17/17/17 35/145/143
f 38/150/148 39/39/39 35/145/143
f 49/168/166 83/83/83 74/205/203
f 37/147/145 35/145/143 17/17/17
f 15/15/15 37/147/145 17/17/17
f 83/217/83 82/214/211 81/213/210
f 75/75/75 73/204/202 40/152/150
f 74/74/74 75/75/75 40/152/150
f 42/42/42 45/161/159 43/157/155
f 65/195/193 67/67/67 61/188/188
f 65/195/193 61/188/188 62/189/189
f 71/71/71 66/66/66 67/197/195
f 79/79/79 49/49/49 76/207/205
f 64/194/192 63/192/191 66/196/194
f 46/162/160 16/16/114 18/18/18
f 47/165/163 46/162/160 18/18/18
f 23/123/123 42/42/42 25/127/125
f 49/169/167 48/166/164 47/165/163
f 50/170/168 49/169/167 47/165/163
f 18/18/18 50/170/168 47/165/163
f 23/123/123 45/161/159 42/42/42
f 45/159/157 44/158/156 46/46/46
f 46/46/46 51/171/169 45/159/157
f 18/18/18 17/17/17 69/69/69
f 46/46/46 47/47/47 51/171/169
f 79/79/79 83/216/213 49/49/49
f 48/48/48 53/53/53 52/173/171
f 49/167/165 50/50/50 53/53/53
f 48/48/48 49/167/165 53/53/53
f 70/201/199 73/73/73 77/77/77
f 32/32/32 20/117/117 31/137/135
f 83/83/83 81/212/210 74/205/203
f 77/208/206 88/88/88 85/220/216
f 69/69/69 49/49/49 50/170/168
f 47/165/163 59/59/59 57/179/179
f 29/29/29 33/139/137 30/30/30
f 72/72/72 65/195/193 73/204/202
f 85/221/217 88/226/222 87/87/87
f 64/194/192 69/69/69 38/149/147
f 73/204/202 65/195/193 41/154/152
f 38/148/146 62/190/62 64/64/64
f 69/69/69 39/39/39 38/149/147
f 78/209/207 75/75/75 74/74/74
f 56/178/177 47/163/161 45/45/45
f 38/148/146 41/155/153 62/190/62
f 43/157/155 45/161/159 44/44/44
f 31/31/31 43/157/155 44/44/44
f 44/44/44 36/146/144 31/31/31
f 60/60/60 59/183/183 48/48/48
f 32/138/136 29/135/133 37/147/145
f 54/54/54 32/138/136 37/147/145
f 37/147/145 56/56/178 54/54/54
f 46/162/160 47/164/162 56/56/56
f 16/16/114 46/162/160 56/56/56
f 71/202/200 70/70/70 69/69/69
f 15/15/113 16/16/16 56/56/176
f 56/178/177 45/45/45 23/23/23
f 37/147/145 15/15/15 56/56/178
f 90/230/226 79/210/208 78/78/78
f 84/218/214 83/216/213 90/90/90
f 54/54/54 20/118/118 32/138/136
f 77/208/206 75/75/75 88/88/88
f 45/160/158 51/51/51 52/172/170
f 44/44/44 45/160/158 52/172/170
f 36/146/144 44/44/44 52/172/170
f 34/34/34 36/146/144 52/172/170
f 52/172/170 13/13/13 34/34/34
f 41/41/41 14/114/112 13/13/13
f 40/152/150 41/41/41 13/13/13
f 53/175/173 40/152/150 13/13/13
f 52/172/170 53/175/173 13/13/13
f 79/79/79 90/90/90 83/216/213
f 56/56/178 55/177/175 54/54/54
f 68/68/68 66/196/194 63/192/191
f 71/202/200 69/69/69 64/194/192
f 65/195/193 62/189/189 41/154/152
