v 8.046675 110.3352 -8.005182
v 8.090195 110.2565 8.965143
v 0.046713 110.3213 -7.984731
v 0.090233 110.2426 8.985594
v 8.075959 93.36485 -8.083908
v 0.075997 93.35094 -8.063457
v 7.914284 73.92003 -84.54221
v 7.923774 85.18116 -73.17619
v -0.085678 73.90613 -84.52177
v -0.076187 85.16726 -73.15573
v 8.193096 25.48342 -8.398814
v 0.193134 25.46952 -8.378363
v 8.190723 22.66814 -11.24032
v 8.181233 11.407 -22.60636
v 0.239298 11.28823 0.041195
v 0.241671 14.10352 2.882703
v -3.760683 11.28129 0.05142
v -3.75831 14.09657 2.892929
v -3.709774 2.730566 14.15399
v 0.290207 2.737515 14.14377
v -3.712147 -0.084718 11.31249
v 0.287834 -0.077769 11.30226
v -3.724281 2.756783 8.497219
v -3.748549 8.439785 2.866687
v -3.772817 14.12279 -2.763846
v 0.227164 14.12974 -2.774072
v -3.782308 2.861651 -14.12988
v -3.770174 0.02015 -11.31461
v 0.217673 2.868601 -14.14011
v 0.229807 0.0271 -11.32484
v -3.763056 8.466002 -2.790088
v -3.767801 2.835434 -8.473105
v -3.750922 5.624501 0.025178
v -3.714519 -2.900002 8.470977
v -3.726653 -0.058501 5.655711
v -3.755667 -0.006067 -5.657839
v -3.758039 -2.821351 -8.499347
v -3.719265 -8.53057 2.78796
v -3.721637 -11.34585 -0.053548
v -3.731399 -5.689069 -0.027306
v -3.733771 -8.504353 -2.868815
v -3.700013 -2.926219 14.12775
v 0.299968 -2.91927 14.11753
v -3.709503 -14.18736 2.761718
v 0.278344 -11.3389 -0.063774
v 0.290478 -14.1804 2.751492
v 8.300948 84.49952 73.89996
v 0.300986 84.48562 73.92042
v 0.349522 73.11961 85.18148
v 8.349484 73.13351 85.16103
v 8.512785 -8.929193 93.26568
v 0.512823 -8.943093 93.28613
v 8.527021 7.962511 110.3147
v 0.527059 7.948611 110.3352
v 8.556305 -9.007844 110.236
v 0.556343 -9.021744 110.2565
v 0.236654 25.39087 8.591962
v 8.246378 19.74799 8.545269
v 8.244005 16.9327 5.70376
v 0.244043 16.9188 5.724212
v 0.246416 19.73409 8.56572
v 8.202858 19.82664 -8.425056
v 0.202896 19.81274 -8.404605
v 8.214992 16.98514 -5.60979
v 0.21503 16.97124 -5.589338
v 0.193405 8.551603 -19.77064
v 0.205539 5.710102 -16.95537
v 8.205501 5.724001 -16.97582
v 8.193367 8.565502 -19.79109
v -7.750902 5.617551 0.035404
v -7.74853 8.432835 2.876912
v -7.763037 8.459052 -2.779863
v -7.724262 2.749833 8.507445
v -7.726634 -0.065451 5.665937
v -7.7145 -2.906952 8.481203
v -7.767782 2.828484 -8.46288
v -7.755648 -0.013017 -5.647613
v -7.75802 -2.828301 -8.489122
v -7.73138 -5.696019 -0.01708
v -7.719246 -8.53752 2.798186
v -7.733752 -8.511303 -2.858589
v 8.294914 8.381983 19.80633
v 8.292541 5.566699 16.96483
v 8.312064 -5.746871 16.91234
v 8.324198 -8.588372 19.72761
v 0.312102 -5.760771 16.93279
v 0.324236 -8.602272 19.74806
v 0.375416 -34.07091 22.45836
v 0.314746 -19.86341 8.382025
v 0.302612 -17.02191 5.566759
v 8.384868 -22.79588 33.80394
v 8.314708 -19.84951 8.361574
v 8.302573 -17.00801 5.546308
v 0.292579 5.552799 16.98528
v 0.294952 8.368083 19.82679
v 0.35325 -8.654706 31.06161
v 0.603319 -73.95679 84.49918
v 8.603281 -73.94289 84.47874
v 0.593829 -85.21793 73.13315
v 8.593791 -85.20403 73.1127
v 7.96126 8.984975 -110.2995
v 8.00478 8.906324 -93.32916
v -0.038702 8.971075 -110.279
v 0.004818 8.892424 -93.30871
v 8.164625 -8.299985 -42.49692
v 0.034103 -8.077931 -93.38744
v 7.990544 -7.98538 -110.3782
v -0.009417 -7.99928 -110.3578
v 0.227435 -2.788184 -14.16635
v -3.772546 -2.795134 -14.15612
v -3.72401 -14.16114 -2.895057
v 0.275971 -14.15419 -2.905282
v 0.200794 0.079534 -22.63839
v 0.225062 -5.603468 -17.00786
v 0.222689 -8.418752 -19.84937
v 8.222651 -8.404853 -19.86982
v 8.225024 -5.589569 -17.02831
v 8.33423 -31.16308 8.30909
v 8.27356 -16.95557 -5.767242
v 0.273598 -16.96947 -5.746791
v 8.191807 -45.00354 -56.80943
v 8.271187 -19.77086 -8.608751
v 0.271226 -19.78476 -8.588299
v 8.398086 -93.30906 -8.949898
v 8.441606 -93.38771 8.020427
v 8.47089 -110.3581 7.9417
v 0.441644 -93.40161 8.040878
v 0.470928 -110.372 7.962151
v 8.168081 -73.15639 -85.22451
v 0.168119 -73.17028 -85.20406
v 0.216655 -84.53629 -73.94299
v 8.216617 -84.52238 -73.96345
v 8.42737 -110.2794 -9.028625
v 0.427408 -110.2933 -9.008173
vn -0.002564 0.004635 -0.999986
vn 0.9999952 0.001737 -0.002556
vn -0.001725 0.9999878 0.004638999
vn -0.999995 -0.001737 0.002556
vn -0.002564 0.004635 -0.999986
vn -0.002564 0.004635 -0.999986
vn -0.000593 -0.7038211 -0.710377
vn 0.9999952 0.001737 -0.002556001
vn -0.003034 0.710375 -0.703817
vn -0.9999952 -0.001737 0.002556001
vn -0.002564 0.004634 -0.999986
vn -0.9999952 -0.001737 0.002556
vn 0.9999952 0.001737 -0.002556
vn -0.000593 -0.7038211 -0.710377
vn -0.999995 -0.001737 0.002556
vn 0.000593 0.703821 0.710377
vn -0.003034 0.710375 -0.703817
vn -0.999995 -0.001737 0.002556
vn 0.000593 0.703821 0.710377
vn 0.003034 -0.710375 0.703817
vn 0.003034 -0.710375 0.703817
vn -0.999995 -0.001737 0.002556
vn 0.003034 -0.710375 0.703817
vn 0.000593 0.703821 0.710377
vn -0.9999952 -0.001737 0.002556001
vn -0.9999952 -0.001737 0.002556001
vn -0.999995 -0.001737 0.002556
vn -0.9999952 -0.001737 0.002556001
vn -0.9999952 -0.001737 0.002556001
vn -0.9999952 -0.001737 0.002556
vn 0.000593 0.7038211 0.710377
vn -0.003034 0.710375 -0.703817
vn 0.000593 0.703821 0.710377
vn 0.003034 -0.710375 0.703817
vn -0.999995 -0.001737 0.002556
vn -0.000593 -0.703821 -0.710377
vn -0.003034 0.710375 -0.703817
vn -0.9999952 -0.001737 0.002556
vn -0.000593 -0.703821 -0.710377
vn -0.9999952 -0.001737 0.002556001
vn 0.003033 -0.710375 0.703817
vn 0.000593 0.7038211 0.710377
vn 0.000593 0.703821 0.710377
vn -0.9999952 -0.001737 0.002556001
vn -0.9999952 -0.001737 0.002556
vn 0.003034 -0.710375 0.703817
vn 0.9999952 0.001737 -0.002556001
vn -0.003034 0.710375 -0.703817
vn 0.000593 0.7038211 0.710377
vn 0.003034 -0.710375 0.703817
vn 0.001726 -0.9999878 -0.004638999
vn 0.001726 -0.9999878 -0.004638999
vn 0.999995 0.001737 -0.002556
vn -0.001726 0.999988 0.004639
vn 0.002564 -0.004635 0.999986
vn -0.999995 -0.001737 0.002556
vn 0.002564 -0.004635 0.999986
vn 0.002564 -0.004635 0.9999859
vn 0.9999952 0.001737 -0.002556
vn -0.003033 0.710375 -0.703817
vn -0.999995 -0.001737 0.002556
vn 0.9999952 0.001737 -0.002556001
vn 0.000593 0.7038211 0.710377
vn 0.9999952 0.001737 -0.002556001
vn 0.000593 0.7038211 0.710377
vn -0.9999952 -0.001737 0.002556001
vn -0.000593 -0.7038211 -0.710377
vn 0.9999952 0.001737 -0.002556
vn 0.9999952 0.001737 -0.002556001
vn -0.003034 0.710375 -0.703817
vn -0.999995 -0.001737 0.002556
vn 0.000593 0.703821 0.710377
vn 0.000593 0.703821 0.710377
vn -0.9999952 -0.001737 0.002556
vn -0.999995 -0.001737 0.002556
vn -0.003034 0.710375 -0.703817
vn -0.000593 -0.7038211 -0.710377
vn -0.003034 0.710375 -0.703817
vn 0.003034 -0.710375 0.703817
vn 0.003034 -0.710375 0.703817
vn -0.000593 -0.7038211 -0.710377
vn 0.9999952 0.001737 -0.002556001
vn 0.003034 -0.710375 0.703817
vn 0.9999952 0.001737 -0.002556
vn 0.000593 0.7038211 0.710377
vn 0.000593 0.7038211 0.710377
vn 0.000593 0.7038211 0.710377
vn -0.000593 -0.7038211 -0.710377
vn -0.000593 -0.7038211 -0.710377
vn -0.9999952 -0.001737 0.002556001
vn 0.9999952 0.001737 -0.002556
vn 0.002564 -0.004635 0.999986
vn -0.000593 -0.7038211 -0.710377
vn -0.9999952 -0.001737 0.002556
vn -0.001726 0.9999878 0.004638999
vn -0.9999952 -0.001737 0.002556
vn 0.000593 0.7038211 0.710377
vn 0.003033 -0.710375 0.703817
vn -0.9999952 -0.001737 0.002556001
vn -0.000594 -0.703821 -0.710378
vn -0.001726 0.999988 0.004639
vn 0.9999952 0.001737 -0.002556001
vn -0.001726 0.9999878 0.004638999
vn -0.9999952 -0.001737 0.002556001
vn 0.001726 -0.9999878 -0.004638999
vn 0.001726 -0.9999878 -0.004638999
vn 0.001726 -0.9999878 -0.004638999
vn -0.999995 -0.001737 0.002556
vn -0.003033 0.710375 -0.703817
vn -0.000593 -0.703821 -0.710377
vn -0.999995 -0.001737 0.002556
vn 0.003034 -0.710375 0.703817
vn -0.9999952 -0.001737 0.002556
vn -0.9999952 -0.001737 0.002556
vn 0.001726 -0.9999878 -0.004638999
vn 0.9999952 0.001737 -0.002556001
vn -0.003033 0.710375 -0.703817
vn 0.9999952 0.001737 -0.002556
vn 0.9999952 0.001737 -0.002556
vn 0.003034 -0.710375 0.703817
vn -0.003033 0.710375 -0.703817
vn 0.999995 0.001737 -0.002556
vn -0.002564 0.004635 -0.999986
vn -0.002564 0.004635 -0.9999859
vn 0.9999952 0.001737 -0.002556001
vn 0.9999952 0.001737 -0.002556001
vn 0.002564 -0.004635 0.9999859
vn 0.002564 -0.004635 0.999986
vn -0.003032 0.710375 -0.703817
vn -0.000593 -0.703821 -0.710377
vn -0.000593 -0.7038211 -0.710377
vn 0.9999952 0.001737 -0.002556001
vn 0.001725 -0.9999878 -0.004638999
vn -0.999995 -0.001737 0.002556
vn -0.001725 0.999988 0.004639
vn 0.999995 0.001737 -0.002556
vn -0.001725 0.9999878 0.004638999
vn 0.002564 -0.004635 0.999986
vn -0.002564 0.004635 -0.999986
vn -0.9999952 -0.001737 0.002556001
vn -0.001726 0.999988 0.004639
vn 0.002564 -0.004635 0.999986
vn 0.9999952 0.001737 -0.002556001
vn -0.9999952 -0.001737 0.002556001
vn -0.003033 0.710375 -0.703817
vn 0.999995 0.001737 -0.002556
vn -0.003034 0.710375 -0.703817
vn 0.000593 0.7038211 0.710377
vn -0.000592 -0.703821 -0.710377
vn -0.999995 -0.001737 0.002556
vn -0.003034 0.710375 -0.703816
vn 0.000593 0.703821 0.710377
vn 0.9999952 0.001737 -0.002556001
vn -0.002564 0.004635 -0.999986
vn 0.000593 0.7038211 0.710377
vn 0.9999952 0.001737 -0.002556
vn 0.000593 0.703821 0.710377
vn -0.003034 0.710375 -0.703817
vn -0.9999952 -0.001737 0.002556001
vn -0.003034 0.710375 -0.703817
vn 0.000593 0.7038211 0.710377
vn -0.9999952 -0.001737 0.002556
vn -0.003034 0.710375 -0.703817
vn 0.000593 0.7038211 0.710377
vn -0.9999952 -0.001737 0.002556001
vn 0.003034 -0.710375 0.703817
vn 0.000593 0.7038211 0.710377
vn -0.9999952 -0.001737 0.002556001
vn 0.000593 0.703821 0.710377
vn 0.2558664 0.1808872 0.949638
vn -0.9999952 -0.001737 0.002556001
vn -0.9999952 -0.001737 0.002556001
vn 0.000593 0.7038211 0.710377
vn -0.9999952 -0.001737 0.002556
vn -0.003034 0.710375 -0.703817
vn 0.000593 0.703821 0.710377
vn -0.003033 0.710375 -0.703817
vn -0.003033 0.710375 -0.703817
vn 0.000593 0.7038211 0.710377
vn -0.003033 0.710375 -0.703817
vn -0.000593 -0.703821 -0.710377
vn -0.000593 -0.7038211 -0.710377
vn -0.003034 0.710375 -0.703817
vn -0.000593 -0.7038211 -0.710377
vn -0.003034 0.710375 -0.703817
vn -0.003034 0.710375 -0.703817
vn -0.9999952 -0.001737 0.002556001
vn -0.000593 -0.703821 -0.710377
vn -0.9999952 -0.001737 0.002556
vn -0.003034 0.710375 -0.703817
vn -0.9999952 -0.001737 0.002556001
vn -0.000593 -0.7038211 -0.710377
vn -0.9999952 -0.001737 0.002556001
vn -0.003034 0.710375 -0.703817
vn -0.9999952 -0.001737 0.002556001
vn 0.000593 0.703821 0.710377
vn 0.003034 -0.710375 0.703817
vn 0.000593 0.7038211 0.710377
vn -0.999995 -0.001737 0.002556
vn -0.003034 0.710375 -0.703817
vn -0.9999952 -0.001737 0.002556001
vn -0.000593 -0.7038211 -0.710377
vn 0.003034 -0.710375 0.703817
vn -0.000593 -0.703821 -0.710377
vn -0.9999952 -0.001737 0.002556
vn 0.003034 -0.710375 0.703817
vn -0.000593 -0.7038211 -0.710377
vn 0.003033 -0.710375 0.703817
vn -0.9999952 -0.001737 0.002556
vn -0.000593 -0.703821 -0.710377
vn -0.999995 -0.001737 0.002556
vn 0.003034 -0.710375 0.703817
vn -0.9999952 -0.001737 0.002556001
vn 0.003034 -0.710375 0.703817
vn -0.000593 -0.7038211 -0.710377
vn 0.003033 -0.710375 0.703817
vn -0.000593 -0.7038211 -0.710377
vn 0.003034 -0.710375 0.703817
vn -0.9999952 -0.001737 0.002556001
vn -0.9999952 -0.001737 0.002556001
vn -0.000593 -0.703821 -0.710377
vn -0.003033 0.710375 -0.703817
vn 0.000593 0.7038211 0.710377
vn -0.9999952 -0.001737 0.002556001
vn 0.000593 0.703821 0.710377
vn -0.999995 -0.001737 0.002556
vn 0.003033 -0.710375 0.703817
vn 0.000593 0.703821 0.710377
vn 0.999995 0.001737 -0.002556
vn 0.9999952 0.001737 -0.002556001
vn -0.9999952 -0.001737 0.002556001
vn -0.001726 0.9999878 0.004638999
vn 0.002564 -0.004635 0.999986
vn -0.9999952 -0.001737 0.002556
vn 0.002564 -0.004635 0.999986
vn 0.9999952 0.001737 -0.002556001
vn 0.001726 -0.999988 -0.004639
vn 0.001726 -0.9999878 -0.004638999
vn 0.002564 -0.004635 0.999986
vn -0.9999952 -0.001737 0.002556
vn 0.9999952 0.001737 -0.002556
vn -0.003033 0.710375 -0.703817
vn -0.9999952 -0.001737 0.002556
vn 0.002564 -0.004635 0.999986
vn -0.002564 0.004634 -0.999986
vn 0.000593 0.7038211 0.710377
vn 0.9999952 0.001737 -0.002556
vn -0.999995 -0.001737 0.002556
vn -0.002564 0.004635 -0.999986
vn -0.9999952 -0.001737 0.002556001
vn 0.000593 0.703821 0.710377
vn -0.9999952 -0.001737 0.002556
vn -0.001726 0.9999878 0.004638999
vn -0.9999952 -0.001737 0.002556
vn -0.000593 -0.7038211 -0.710377
vn -0.9999952 -0.001737 0.002556001
vn -0.000593 -0.703821 -0.710377
vn -0.000593 -0.7038211 -0.710377
vn 0.9999952 0.001737 -0.002556
vn -0.001726 0.999988 0.004639
vn 0.000593 0.7038211 0.710377
vn -0.9999952 -0.001737 0.002556001
vn -0.003034 0.710375 -0.703817
vn 0.000593 0.7038211 0.710377
vn -0.003033 0.710375 -0.703817
vn -0.9999952 -0.001737 0.002556001
vn -0.9999952 -0.001737 0.002556001
vn 0.003034 -0.710375 0.703817
vn 0.003034 -0.710375 0.703817
vn 0.000593 0.703821 0.710377
vn 0.000593 0.7038211 0.710377
vn 0.003034 -0.710375 0.703817
vn -0.000593 -0.703821 -0.710377
vn -0.999995 -0.001737 0.002556
vn -0.003034 0.710375 -0.703817
vn -0.9999952 -0.001737 0.002556
vn -0.000593 -0.703821 -0.710377
vn -0.9999952 -0.001737 0.002556001
vn -0.000593 -0.703821 -0.710377
vn -0.9999952 -0.001737 0.002556001
vn -0.9999952 -0.001737 0.002556001
vn -0.000593 -0.7038211 -0.710377
vn 0.003033 -0.710375 0.703817
vn -0.999995 -0.001737 0.002556
vn -0.001726 0.999988 0.004639
vn 0.9999952 0.001738 -0.002556
vn 0.000593 0.703821 0.710377
vn 0.001726 -0.9999878 -0.004638999
vn 0.9999952 0.001737 -0.002556001
vn 0.999995 0.001737 -0.002556
vn -0.9999952 -0.001737 0.002556001
vn 0.001726 -0.999988 -0.004639
vn -0.999995 -0.001737 0.002556
vn -0.9999952 -0.001737 0.002556001
vn -0.9999952 -0.001737 0.002556
vn -0.9999952 -0.001737 0.002556001
vn 0.002564 -0.004635 0.9999859
vn -0.9999952 -0.001737 0.002556001
vn -0.000593 -0.703821 -0.710377
vn 0.000593 0.7038211 0.710377
vn 0.9999952 0.001737 -0.002557001
vn 0.999995 0.001737 -0.002557
vn -0.000593 -0.7038211 -0.710377
vn 0.9999952 0.001737 -0.002557001
vn 0.003033 -0.710375 0.703817
vn -0.9999952 -0.001737 0.002556001
vn 0.001726 -0.9999878 -0.004638999
vn -0.999995 -0.001737 0.002556
vn 0.003033 -0.710375 0.703817
vn 0.000593 0.703821 0.710377
vn 0.999995 0.001737 -0.002556
vn -0.000593 -0.7038211 -0.710377
vn 0.003033 -0.710375 0.703817
vn 0.9999952 0.001737 -0.002556001
vn 0.003034 -0.710375 0.703817
vn 0.9999952 0.001737 -0.002556
vn -0.002564 0.004635 -0.999986
vn -0.001726 0.9999878 0.004638999
vn -0.002565 0.004635 -0.999986
vn -0.9999952 -0.001737 0.002556001
vn -0.001726 0.9999878 0.004638999
vn 0.9999952 0.001737 -0.002556001
vn -0.9999952 -0.001737 0.002556
vn 0.999995 0.001737 -0.002556
vn -0.002564 0.004634 -0.999986
vn -0.002564 0.004635 -0.999986
vn 0.001726 -0.999988 -0.004639
vn -0.000593 -0.7038211 -0.710377
vn -0.003034 0.710375 -0.703817
vn -0.9999952 -0.001737 0.002556001
vn -0.000593 -0.7038211 -0.710377
vn 0.003034 -0.710375 0.703817
vn -0.000593 -0.703821 -0.710377
vn -0.003033 0.710375 -0.703817
vn -0.999995 -0.001737 0.002556
vn 0.001726 -0.999988 -0.004639
vn 0.9999952 0.001737 -0.002556001
vn 0.002565 -0.004635 0.999986
vn 0.003034 -0.710375 0.703817
vn -0.9999952 -0.001737 0.002556001
vn 0.9999952 0.001737 -0.002556001
vn -0.002564 0.004635 -0.999986
vn -0.9999952 -0.001737 0.002556
vn 0.9999952 0.001737 -0.002556001
vn 0.002564 -0.004635 0.9999859
vn 0.002564 -0.004635 0.999986
vn 0.001725 -0.999988 -0.004639
vn -0.9999952 -0.001737 0.002556001
vn -0.9999952 -0.001737 0.002556
vn 0.001725 -0.9999878 -0.004638999
vn 0.999995 0.001737 -0.002556
vn -0.000593 -0.7038211 -0.710377
vn -0.003033 0.710375 -0.703817
vn -0.999995 -0.001737 0.002556
vn -0.9999952 -0.001737 0.002556001
vn 0.003034 -0.710375 0.703817
vn -0.000594 -0.703821 -0.710377
vn 0.003034 -0.710375 0.703817
vn 0.999995 0.001737 -0.002556
vn -0.002564 0.004635 -0.999986
vn -0.002564 0.004635 -0.999986
vn 0.001725 -0.999988 -0.004639
vt 3456 4097
vt 3712 -3359
vt 3616 4161
vt 3712 -3359
vt 3552 4097
vt 3712 4161
vt 3392 4097
vt 3392 -3967
vt 4096 4161
vt 3392 -3967
vt 4096 4097
vt 4096 -3935
vt 4096 -3967
vt 4096 4097
vt 4224 -3967
vt 4224 4161
vt 3968 4193
vt 4224 -3935
vt 4352 4193
vt 3936 4161
vt 3968 4193
vt 4352 -3967
vt 3968 4193
vt 4256 4193
vt 4192 -3967
vt 4192 -3967
vt 4192 -4095
vt 4224 -4095
vt 4192 -4095
vt 4224 -4095
vt 4224 4193
vt 4064 4193
vt 4256 4193
vt 4000 4193
vt 4320 -3999
vt 4256 4193
vt 4096 4193
vt 4352 -4063
vt 4352 4193
vt 4320 -4063
vt 4096 4193
vt 4384 4193
vt 4384 4161
vt 4384 -4095
vt 4352 -4095
vt 4096 4161
vt 4224 -3135
vt 3136 4161
vt 4352 4161
vt 3136 4097
vt 4864 4097
vt 3552 4161
vt 4864 -3359
vt 3360 4161
vt 4960 4097
vt 4960 -3455
vt 3840 4161
vt 3872 4097
vt 4224 -3903
vt 3904 4161
vt 4224 -3871
vt 4128 -3967
vt 4128 4161
vt 4160 -3967
vt 4160 4161
vt 4128 -4095
vt 4160 4161
vt 4160 -4095
vt 4128 -4095
vt 4000 4225
vt 4256 -3967
vt 4224 4225
vt 4320 4225
vt 4320 -3999
vt 4352 -3999
vt 4064 4225
vt 4256 4225
vt 4096 4225
vt 4064 4225
vt 4064 4225
vt 4320 4225
vt 4352 -3871
vt 3904 4097
vt 4416 -3967
vt 4448 4097
vt 4416 4161
vt 4448 4161
vt 4608 4161
vt 4448 4161
vt 4416 -4095
vt 4608 -3967
vt 4448 4097
vt 4416 4097
vt 4352 -3903
vt 3872 4161
vt 4512 -3903
vt 5184 4161
vt 3968 4097
vt 5184 -4095
vt 5184 4097
vt 4608 4097
vt 3712 -4511
vt 4608 4161
vt 3712 -4511
vt 4320 4097
vt 4608 4161
vt 4704 4097
vt 3712 -4703
vt 4128 4161
vt 4224 4193
vt 4352 -4127
vt 4128 4161
vt 4160 -4159
vt 4224 -4159
vt 4192 4161
vt 4224 -4191
vt 4160 4097
vt 4512 -4159
vt 4352 -4159
vt 4160 4161
vt 4608 4097
vt 4352 -4191
vt 4192 4161
vt 4608 4097
vt 4864 -4511
vt 4960 -4607
vt 4864 4161
vt 4608 4161
vt 4928 4097
vt 4224 4161
vt 4352 4161
vt 4352 -4927
vt 4864 4097
vt 4864 -4703
vt 3616 4097
vt 3616 -3455
vt 3712 4097
vt 3360 4097
vt 3456 4161
vt 3616 -3455
vt 3712 4161
vt 3360 4161
vt 3712 -3551
vt 3712 4097
vt 3552 4161
vt 3712 -3551
vt 4096 4097
vt 3392 -4095
vt 3968 4097
vt 3392 4097
vt 3392 4161
vt 3392 -4095
vt 3968 4161
vt 3392 4161
vt 4096 -3935
vt 4096 4161
vt 4096 4097
vt 4096 -4095
vt 4224 4161
vt 3968 4161
vt 4224 -3967
vt 3936 4161
vt 4224 4193
vt 4224 -3967
vt 3936 4193
vt 4224 4193
vt 4352 -3935
vt 3936 4193
vt 4352 4161
vt 4352 -3967
vt 4352 4193
vt 3968 4161
vt 4352 4161
vt 4352 -3967
vt 4320 -3967
vt 4320 4193
vt 4256 -3967
vt 3968 4193
vt 4192 4193
vt 3968 4193
vt 3968 4161
vt 4192 4161
vt 4096 4193
vt 4192 4193
vt 4224 4193
vt 4096 4193
vt 4192 4161
vt 4096 4161
vt 4096 4161
vt 4224 -4095
vt 4224 4161
vt 4224 -3999
vt 4000 4193
vt 4224 -4063
vt 4224 4193
vt 4256 -3999
vt 4000 4193
vt 4352 -3999
vt 4352 4193
vt 4000 4193
vt 4320 4193
vt 4256 -4063
vt 4064 4193
vt 4256 -4095
vt 4256 4193
vt 4064 4193
vt 4352 4193
vt 4352 -4095
vt 4096 4193
vt 4320 4193
vt 4064 4193
vt 4320 -4095
vt 4320 4193
vt 4384 -3967
vt 3968 4193
vt 4384 -3967
vt 3968 4161
vt 4384 4193
vt 4096 4193
vt 4352 4161
vt 4096 4161
vt 4352 -4095
vt 4384 -4095
vt 4384 4161
vt 3136 4097
vt 4224 4097
vt 4224 -3135
vt 4224 4161
vt 4352 -3135
vt 3136 4161
vt 4352 4097
vt 4352 -3135
vt 4864 -3551
vt 3552 4097
vt 4864 4161
vt 4864 -3551
vt 3360 4097
vt 4864 4097
vt 4864 -3359
vt 4864 4161
vt 4960 -3455
vt 3456 4097
vt 3456 4161
vt 4960 4161
vt 4192 -3839
vt 4224 -3871
vt 3904 4097
vt 4224 -3903
vt 3872 4161
vt 4128 4097
vt 4128 4097
vt 4128 -3967
vt 4128 -3967
vt 4128 4161
vt 4128 -3967
vt 4160 4097
vt 4160 -3967
vt 4128 4161
vt 4128 -4095
vt 4128 4161
vt 4160 -4095
vt 4160 4097
vt 4128 4097
vt 4128 -4095
vt 4128 4097
vt 4256 4225
vt 4256 -3999
vt 3968 4225
vt 4256 4225
vt 4000 4225
vt 4224 -3999
vt 4320 -3967
vt 3968 4225
vt 4000 4225
vt 4320 4225
vt 4352 4225
vt 4000 4225
vt 4224 4225
vt 4224 -4063
vt 4064 4225
vt 4256 -4063
vt 4256 4225
vt 4256 -4095
vt 4320 4225
vt 4320 -4063
vt 4352 -4063
vt 4352 4225
vt 4096 4225
vt 4320 -4095
vt 3872 4097
vt 4352 -3903
vt 4416 4097
vt 4448 4097
vt 4448 -3967
vt 4448 -3967
vt 4416 -3967
vt 4448 4161
vt 4448 -3967
vt 4448 -3967
vt 4608 -4095
vt 4448 -4095
vt 4448 4161
vt 4448 -4095
vt 4416 4161
vt 4608 4097
vt 4448 -4095
vt 4448 -4095
vt 4448 4097
vt 4416 -4095
vt 3904 4161
vt 4352 -3871
vt 4512 4161
vt 5184 -3967
vt 3968 4161
vt 5184 4097
vt 5184 -3967
vt 5184 4161
vt 4096 4161
vt 5184 -4095
vt 4096 4097
vt 3616 -4607
vt 3616 4097
vt 4512 4097
vt 3712 4097
vt 3616 4161
vt 3616 -4607
vt 4512 4161
vt 3712 4161
vt 4096 -4319
vt 3808 -4607
vt 3712 -4703
vt 3712 4097
vt 3712 4161
vt 4704 4161
vt 4224 4161
vt 4128 4193
vt 4224 -4127
vt 4352 4193
vt 4128 4193
vt 4352 4161
vt 4160 4161
vt 4224 -4191
vt 4192 4097
vt 4224 -4159
vt 4512 4097
vt 4160 4097
vt 4352 -4159
vt 4224 -4607
vt 4192 4097
vt 4352 -4191
vt 4768 -4607
vt 4864 4097
vt 4512 4097
vt 4608 4097
vt 4960 4097
vt 4864 -4511
vt 4512 4161
vt 4960 -4607
vt 4960 4161
vt 4224 -4927
vt 4224 4097
vt 4928 4161
vt 4224 -4927
vt 4352 -4927
vt 4928 4161
vt 4352 4097
vt 4928 4097
vt 4864 -4703
vt 4704 4097
vt 4704 4161
vt 4864 4161
g slot6
usemtl slot6
f 17/17/17 16/162/160 15/160/158
f 17/17/17 18/165/163 16/162/160
f 21/21/21 20/20/20 19/168/166
f 21/21/21 22/172/170 20/20/20
f 17/164/162 19/167/165 18/18/18
f 23/175/172 21/170/168 19/167/165
f 24/177/174 23/175/172 19/167/165
f 17/164/162 24/177/174 19/167/165
f 18/166/164 20/169/167 16/16/16
f 18/166/164 19/19/19 20/169/167
f 17/163/161 26/182/179 25/179/176
f 17/163/161 15/159/157 26/182/179
f 29/187/184 28/185/182 27/184/181
f 29/187/184 30/191/188 28/185/182
f 27/183/180 26/181/178 29/188/185
f 27/183/180 25/180/177 26/181/178
f 28/28/28 25/25/25 27/27/27
f 31/192/189 17/164/162 25/25/25
f 32/194/191 31/192/189 25/25/25
f 28/28/28 32/194/191 25/25/25
f 17/164/162 33/196/193 24/177/174
f 17/164/162 31/192/189 33/196/193
f 23/175/172 34/198/195 21/170/168
f 23/175/172 35/35/35 34/198/195
f 32/194/191 37/204/201 36/202/199
f 32/194/191 28/28/28 37/204/201
f 40/40/40 39/208/205 38/38/38
f 40/40/40 41/212/209 39/208/205
f 42/42/42 22/173/170 21/171/169
f 42/42/42 43/43/43 22/173/170
f 45/220/217 44/218/215 39/39/39
f 45/220/217 46/224/221 44/218/215
f 42/215/212 46/46/46 43/217/214
f 42/215/212 44/219/216 46/46/46
f 38/38/38 39/208/205 44/44/44
f 34/198/195 38/38/38 44/44/44
f 44/44/44 21/170/168 34/198/195
f 44/44/44 42/214/211 21/170/168
f 110/336/329 30/189/186 109/109/109
f 110/336/329 28/186/183 30/189/186
f 111/339/332 45/221/218 39/209/206
f 111/339/332 112/112/112 45/221/218
f 37/204/201 28/28/28 110/337/330
f 41/212/209 37/204/201 110/337/330
f 110/337/330 39/208/205 41/212/209
f 110/337/330 111/111/111 39/208/205
f 111/338/331 109/335/328 112/340/333
f 111/338/331 110/110/110 109/335/328
g slot92
usemtl slot9
f 3/3/3 2/137/137 1/135/135
f 3/3/3 4/141/141 2/137/137
f 6/145/6 1/1/1 5/5/5
f 6/145/6 3/139/139 1/1/1
f 11/11/11 6/6/6 5/144/5
f 11/11/11 12/156/154 6/6/6
f 118/118/118 125/125/125 124/351/344
f 114/114/114 120/347/340 89/301/296
f 5/143/143 1/136/136 2/2/2
f 2/2/2 11/155/153 5/143/143
f 125/125/125 126/126/126 124/351/344
f 6/146/144 12/12/12 4/4/4
f 4/4/4 3/140/140 6/146/144
f 113/113/113 114/114/114 89/301/296
f 9/9/9 8/149/147 7/147/145
f 9/9/9 10/153/151 8/149/147
f 63/63/63 8/150/148 10/154/152
f 63/63/63 13/157/155 8/150/148
f 7/7/7 66/260/255 9/151/149
f 7/7/7 14/14/14 66/260/255
f 8/8/8 14/158/156 7/148/146
f 8/8/8 13/13/13 14/158/156
f 10/10/10 66/66/66 63/255/250
f 10/10/10 9/152/150 66/66/66
f 4/142/142 58/58/58 2/138/138
f 4/142/142 57/57/57 58/58/58
f 2/2/2 58/246/241 11/155/153
f 103/103/103 104/327/321 102/323/318
f 118/118/118 124/351/344 122/122/122
f 12/12/12 57/245/240 4/4/4
f 115/342/335 104/104/104 106/330/323
f 97/97/97 91/305/300 87/87/87
f 130/362/353 121/121/121 129/129/129
f 128/359/350 133/133/133 126/355/347
f 131/365/356 132/367/358 119/346/339
f 128/359/350 134/371/362 133/133/133
f 127/357/127 128/128/128 126/354/346
f 108/333/326 101/322/317 107/332/325
f 130/362/353 114/341/334 121/121/121
f 131/365/356 119/346/339 120/120/120
f 134/370/361 124/124/124 133/369/360
f 126/126/126 133/368/359 124/351/344
f 48/48/48 47/225/222 59/247/242
f 114/114/114 130/363/354 131/364/355
f 94/310/305 50/50/50 49/230/227
f 94/310/305 83/83/83 50/50/50
f 49/49/49 47/226/223 48/228/225
f 49/49/49 50/231/228 47/226/223
f 47/47/47 83/291/286 59/59/59
f 47/47/47 50/232/229 83/291/286
f 48/227/224 94/94/94 49/229/226
f 114/114/114 131/364/355 120/347/340
f 93/309/304 92/307/302 118/118/118
f 51/51/51 52/235/52 96/312/307
f 29/29/29 67/261/256 113/113/113
f 134/370/361 122/349/342 124/124/124
f 54/240/235 55/55/55 53/238/233
f 54/240/235 56/244/239 55/55/55
f 56/243/238 51/234/51 55/242/237
f 56/243/238 52/52/52 51/234/51
f 30/190/187 29/29/29 113/113/113
f 118/118/118 68/68/68 93/309/304
f 55/241/236 51/233/230 53/53/53
f 119/119/119 121/348/341 117/344/337
f 52/236/231 56/56/56 54/239/234
f 96/96/96 52/236/231 54/239/234
f 64/64/64 11/155/153 58/246/241
f 90/90/90 46/223/220 113/113/113
f 69/264/259 68/68/68 117/344/337
f 96/96/96 54/239/234 95/311/306
f 105/105/105 116/343/336 115/115/115
f 129/361/352 131/131/131 130/130/130
f 91/91/91 98/316/311 100/319/314
f 106/106/106 108/334/327 107/107/107
f 58/246/241 59/59/59 64/64/64
f 99/318/313 98/98/98 97/314/309
f 100/319/314 92/306/301 91/91/91
f 60/248/243 61/61/61 57/245/240
f 62/250/245 12/156/154 11/11/11
f 62/250/245 63/254/249 12/156/154
f 115/115/115 107/107/107 105/105/105
f 64/64/64 62/252/247 11/155/153
f 97/97/97 98/315/310 91/305/300
f 108/333/326 103/325/319 101/322/317
f 65/257/252 12/12/12 63/253/248
f 99/318/313 100/320/315 98/98/98
f 88/88/88 92/308/303 100/100/100
f 65/257/252 57/245/240 12/12/12
f 118/345/338 92/92/92 89/302/297
f 63/63/63 65/65/65 13/157/155
f 62/251/246 13/157/155 65/65/65
f 65/65/65 64/256/251 62/251/246
f 103/103/103 102/323/318 101/101/101
f 14/14/14 67/67/67 66/260/255
f 69/263/258 68/262/257 67/67/67
f 14/14/14 69/263/258 67/67/67
f 87/299/294 88/300/295 99/99/99
f 29/29/29 30/30/30 63/255/250
f 67/261/256 29/29/29 63/255/250
f 66/66/66 67/261/256 63/255/250
f 89/302/297 127/127/127 118/345/338
f 65/257/252 63/255/250 30/30/30
f 26/26/26 65/257/252 30/30/30
f 30/30/30 15/15/15 26/26/26
f 70/70/70 24/178/175 33/197/194
f 70/70/70 71/268/263 24/178/175
f 70/266/261 31/31/31 72/72/72
f 70/266/261 33/33/33 31/31/31
f 74/274/269 23/23/23 73/273/268
f 74/274/269 35/200/197 23/23/23
f 75/276/271 35/201/198 74/275/270
f 75/276/271 34/199/196 35/201/198
f 32/195/192 77/77/77 76/278/273
f 32/195/192 36/36/36 77/77/77
f 78/78/78 36/203/200 37/37/37
f 78/78/78 77/280/275 36/203/200
f 40/210/207 80/287/282 79/284/279
f 40/210/207 38/207/204 80/287/282
f 81/288/283 40/211/208 79/79/79
f 81/288/283 41/41/41 40/211/208
f 70/267/262 73/272/267 71/71/71
f 70/267/262 74/74/74 73/272/267
f 76/76/76 31/193/190 32/32/32
f 76/76/76 72/270/265 31/193/190
f 71/269/264 23/176/173 24/24/24
f 71/269/264 73/73/73 23/176/173
f 75/277/272 38/206/203 34/34/34
f 75/277/272 80/80/80 38/206/203
f 72/271/266 76/279/274 77/281/276
f 79/285/280 80/286/281 72/271/266
f 77/281/276 79/285/280 72/271/266
f 70/267/262 72/271/266 80/286/281
f 74/74/74 70/267/262 80/286/281
f 80/286/281 75/75/75 74/74/74
f 78/283/278 79/285/280 77/281/276
f 78/283/278 81/289/284 79/285/280
f 81/81/81 37/205/202 41/213/210
f 81/81/81 78/282/277 37/205/202
f 119/119/119 117/344/337 68/68/68
f 118/118/118 119/119/119 68/68/68
f 82/82/82 85/295/290 83/291/286
f 105/329/322 107/331/324 101/321/316
f 105/329/322 101/321/316 102/102/102
f 115/115/115 106/106/106 107/107/107
f 123/350/343 89/301/296 120/347/340
f 43/216/213 22/22/22 45/45/45
f 86/296/291 43/216/213 45/45/45
f 87/299/294 86/296/291 45/45/45
f 46/223/220 45/222/219 113/113/113
f 89/303/298 88/300/295 87/299/294
f 90/90/90 89/303/298 87/299/294
f 46/223/220 90/90/90 87/299/294
f 45/45/45 46/223/220 87/299/294
f 85/85/85 84/292/287 86/86/86
f 86/86/86 91/305/300 85/85/85
f 45/222/219 30/190/187 113/113/113
f 86/86/86 87/87/87 91/305/300
f 123/350/343 127/356/348 89/301/296
f 88/88/88 93/93/93 92/308/303
f 89/89/89 90/304/299 93/93/93
f 88/88/88 89/89/89 93/93/93
f 114/341/334 117/117/117 121/121/121
f 60/60/60 48/48/48 59/247/242
f 127/127/127 125/352/345 118/345/338
f 121/348/341 132/132/132 129/360/351
f 113/113/113 89/301/296 90/90/90
f 87/299/294 99/99/99 97/313/308
f 57/57/57 61/249/244 58/58/58
f 116/116/116 105/329/322 117/344/337
f 129/361/352 132/366/357 131/131/131
f 104/104/104 113/113/113 66/259/254
f 117/344/337 105/329/322 69/264/259
f 66/258/253 102/324/318 104/328/321
f 113/113/113 67/261/256 66/259/254
f 122/122/122 119/119/119 118/118/118
f 96/312/307 87/297/292 85/293/288
f 66/258/253 69/265/260 102/324/318
f 83/291/286 85/295/290 84/84/84
f 59/59/59 83/291/286 84/84/84
f 84/84/84 64/64/64 59/59/59
f 100/100/100 99/317/312 88/88/88
f 60/248/243 57/245/240 65/257/252
f 94/94/94 60/248/243 65/257/252
f 65/257/252 96/96/96 94/94/94
f 86/296/291 87/298/293 96/96/96
f 43/216/213 86/296/291 96/96/96
f 22/174/171 43/216/213 96/96/96
f 15/161/159 22/174/171 96/96/96
f 26/26/26 15/161/159 96/96/96
f 65/257/252 26/26/26 96/96/96
f 134/370/361 123/123/123 122/349/342
f 128/358/349 127/356/348 134/134/134
f 94/94/94 48/227/224 60/248/243
f 121/348/341 119/119/119 132/132/132
f 85/294/289 91/91/91 92/306/301
f 84/84/84 85/294/289 92/306/301
f 64/64/64 84/84/84 92/306/301
f 62/62/62 64/64/64 92/306/301
f 92/306/301 13/13/13 62/62/62
f 69/69/69 14/158/156 13/13/13
f 68/68/68 69/69/69 13/13/13
f 93/309/304 68/68/68 13/13/13
f 92/306/301 93/309/304 13/13/13
f 123/350/343 134/134/134 127/356/348
f 96/96/96 95/311/306 94/94/94
f 108/108/108 106/330/323 103/326/320
f 115/342/335 113/113/113 104/104/104
f 105/329/322 102/102/102 69/264/259
f 104/104/104 103/326/320 106/330/323
f 115/342/335 114/114/114 113/113/113
f 82/290/285 54/54/54 53/237/232
f 82/290/285 95/95/95 54/54/54
f 96/312/307 85/293/288 51/51/51
f 127/357/127 126/354/346 125/353/345
f 51/233/230 82/82/82 53/53/53
f 51/233/230 85/295/290 82/82/82
